# Histogram
000000 000000
000001 000000
000002 000000
000003 000000
000004 000000
000005 000000
000006 000000
000007 000000
000008 000000
000009 195436
000010 639185
000011 048882
000012 057792
000013 035686
000014 010682
000015 002487
000016 001268
000017 000717
000018 001050
000019 000565
000020 000443
000021 000324
000022 000235
000023 000885
000024 000558
000025 000277
000026 000228
000027 000186
000028 000203
000029 000186
000030 000198
000031 000170
000032 000195
000033 000186
000034 000190
000035 000222
000036 000216
000037 000223
000038 000237
000039 000227
000040 000178
000041 000134
000042 000095
000043 000064
000044 000032
000045 000021
000046 000018
000047 000009
000048 000004
000049 000003
000050 000005
000051 000001
000052 000002
000053 000004
000054 000004
000055 000004
000056 000000
000057 000000
000058 000002
000059 000000
000060 000000
000061 000000
000062 000000
000063 000002
000064 000003
000065 000000
000066 000001
000067 000001
000068 000000
000069 000000
000070 000000
000071 000000
000072 000000
000073 000000
000074 000000
000075 000001
000076 000000
000077 000001
000078 000000
000079 000000
000080 000000
000081 000001
000082 000002
000083 000000
000084 000003
000085 000002
000086 000001
000087 000002
000088 000002
000089 000000
000090 000001
000091 000000
000092 000000
000093 000001
000094 000000
000095 000000
000096 000002
000097 000000
000098 000000
000099 000001
# Total: 000999946
# Min Latencies: 00009
# Avg Latencies: 00010
# Max Latencies: 03613
# Histogram Overflows: 00054
# Histogram Overflow at cycle number:
# Thread 0: 18391 50757 61508 68277 68278 188277 188278 200050 220387 235076 258388 258389 258390 278602 308604 318391 400387 438387 438388 438389 448579 480834 513090 577602 578621 608275 608276 618385 618386 618387 639684 642114 678390 680083 726594 728275 738384 738385 738878 803391 848271 848272 849470 858382 858383 858384 918381 918382 964668 968268 968269 972348 995096 999694

