# Histogram
000000 000000
000001 000000
000002 000000
000003 000000
000004 000000
000005 000225
000006 000069
000007 000014
000008 000009
000009 000000
000010 533724
000011 365803
000012 086374
000013 010445
000014 000291
000015 000120
000016 000126
000017 000117
000018 000142
000019 000098
000020 000077
000021 000146
000022 000107
000023 000097
000024 000074
000025 000087
000026 000082
000027 000084
000028 000084
000029 000113
000030 000095
000031 000112
000032 000099
000033 000081
000034 000136
000035 000249
000036 000334
000037 000246
000038 000063
000039 000024
000040 000008
000041 000009
000042 000010
000043 000013
000044 000007
000045 000002
000046 000001
000047 000000
000048 000001
000049 000000
000050 000000
000051 000001
000052 000000
000053 000000
000054 000000
000055 000000
000056 000000
000057 000000
000058 000000
000059 000000
000060 000000
000061 000000
000062 000000
000063 000000
000064 000000
000065 000000
000066 000000
000067 000000
000068 000000
000069 000000
000070 000000
000071 000000
000072 000000
000073 000000
000074 000000
000075 000000
000076 000000
000077 000000
000078 000000
000079 000000
000080 000000
000081 000000
000082 000000
000083 000000
000084 000000
000085 000000
000086 000000
000087 000000
000088 000000
000089 000000
000090 000000
000091 000000
000092 000000
000093 000000
000094 000000
000095 000000
000096 000000
000097 000000
000098 000000
000099 000000
# Total: 000999999
# Min Latencies: 00005
# Avg Latencies: 00010
# Max Latencies: 00358
# Histogram Overflows: 00001
# Histogram Overflow at cycle number:
# Thread 0: 00320

