# Histogram
000000 000000
000001 000000
000002 000000
000003 000000
000004 000000
000005 000000
000006 000000
000007 000000
000008 000000
000009 229726
000010 613778
000011 041374
000012 059236
000013 034478
000014 010039
000015 002514
000016 001285
000017 000730
000018 000835
000019 000863
000020 000519
000021 000344
000022 000218
000023 000197
000024 000202
000025 000211
000026 000217
000027 000198
000028 000176
000029 000191
000030 000204
000031 000197
000032 000184
000033 000174
000034 000193
000035 000210
000036 000223
000037 000258
000038 000241
000039 000216
000040 000164
000041 000113
000042 000075
000043 000050
000044 000034
000045 000013
000046 000018
000047 000008
000048 000006
000049 000005
000050 000003
000051 000001
000052 000004
000053 000001
000054 000002
000055 000000
000056 000003
000057 000001
000058 000002
000059 000001
000060 000001
000061 000000
000062 000002
000063 000000
000064 000000
000065 000000
000066 000000
000067 000001
000068 000001
000069 000001
000070 000000
000071 000000
000072 000000
000073 000000
000074 000000
000075 000000
000076 000001
000077 000000
000078 000000
000079 000000
000080 000000
000081 000000
000082 000001
000083 000001
000084 000000
000085 000000
000086 000000
000087 000000
000088 000000
000089 000000
000090 000000
000091 000000
000092 000000
000093 000000
000094 000000
000095 000000
000096 000000
000097 000000
000098 000000
000099 000000
# Total: 000999944
# Min Latencies: 00009
# Avg Latencies: 00010
# Max Latencies: 03761
# Histogram Overflows: 00056
# Histogram Overflow at cycle number:
# Thread 0: 00613 00614 28453 28454 30581 30582 38561 84847 95600 95601 115078 160112 208447 208630 218557 239755 239756 278553 278554 300550 321383 321384 338550 385893 385894 388437 388438 388439 420563 448439 479757 479758 490091 508437 508641 518547 547169 547170 568435 576353 579424 628432 628433 628646 660566 698542 698543 698544 698545 758546 780542 868431 883550 900544 998540 998541

