# Histogram
000000 000000
000001 000000
000002 000000
000003 000000
000004 000000
000005 000000
000006 000000
000007 000000
000008 000000
000009 133357
000010 685735
000011 064839
000012 050888
000013 043365
000014 011518
000015 002804
000016 001322
000017 000636
000018 000487
000019 000385
000020 000288
000021 000218
000022 000215
000023 000210
000024 000214
000025 000199
000026 000221
000027 000190
000028 000183
000029 000209
000030 000178
000031 000161
000032 000184
000033 000187
000034 000179
000035 000201
000036 000215
000037 000233
000038 000229
000039 000198
000040 000152
000041 000122
000042 000073
000043 000052
000044 000037
000045 000027
000046 000021
000047 000006
000048 000009
000049 000002
000050 000002
000051 000001
000052 000001
000053 000002
000054 000000
000055 000000
000056 000001
000057 000000
000058 000000
000059 000001
000060 000000
000061 000001
000062 000000
000063 000000
000064 000001
000065 000001
000066 000000
000067 000001
000068 000000
000069 000001
000070 000001
000071 000000
000072 000000
000073 000000
000074 000000
000075 000000
000076 000000
000077 000001
000078 000000
000079 000000
000080 000000
000081 000000
000082 000000
000083 000000
000084 000000
000085 000000
000086 000000
000087 000000
000088 000000
000089 000000
000090 000000
000091 000000
000092 000000
000093 000000
000094 000000
000095 000000
000096 000000
000097 000000
000098 000000
000099 000000
# Total: 000999964
# Min Latencies: 00009
# Avg Latencies: 00010
# Max Latencies: 02700
# Histogram Overflows: 00036
# Histogram Overflow at cycle number:
# Thread 0: 58465 58466 67794 105048 108354 252112 260463 288353 288354 408353 436431 478462 478463 500461 538461 538462 538463 598464 690086 743628 768349 768350 778460 778461 780092 799712 799713 860517 866507 888347 888348 898457 898458 958461 989385 990106

