# Histogram
000000 000000
000001 000000
000002 000000
000003 000000
000004 000000
000005 000000
000006 000000
000007 000000
000008 000000
000009 127839
000010 450583
000011 029426
000012 032855
000013 030083
000014 009319
000015 001769
000016 000879
000017 000444
000018 000331
000019 000252
000020 000483
000021 000567
000022 000225
000023 000188
000024 000172
000025 000146
000026 000150
000027 000110
000028 000127
000029 000144
000030 000131
000031 000127
000032 000004
000033 000000
000034 000001
000035 000122
000036 000163
000037 000083
000038 000106
000039 000115
000040 000113
000041 000156
000042 000174
000043 000130
000044 000092
000045 000055
000046 000040
000047 000017
000048 000022
000049 000015
000050 000020
000051 000013
000052 000007
000053 000003
000054 000001
000055 000001
000056 000001
000057 000004
000058 000001
000059 000000
000060 000002
000061 000000
000062 000002
000063 000001
000064 000001
000065 000000
000066 000000
000067 000000
000068 000000
000069 000000
000070 000000
000071 000000
000072 000000
000073 000001
000074 000000
000075 000000
000076 000000
000077 000000
000078 000000
000079 000000
000080 000000
000081 000000
000082 000000
000083 000000
000084 000000
000085 000000
000086 000000
000087 000000
000088 000000
000089 000000
000090 000000
000091 000001
000092 000000
000093 000000
000094 000000
000095 000000
000096 000000
000097 000000
000098 000000
000099 000000
# Total: 000687817
# Min Latencies: 00009
# Avg Latencies: 5758390970281395200
# Max Latencies: 18446744073709551183
# Histogram Overflows: 312183
# Histogram Overflow at cycle number:
# Thread 0: 17729 27838 27839 30452 49002 60454 137484 207840 260364 387835 447838 450478 507833 579855 617722 687831 687832 687833 687834 687835 687836 687837 687838 687839 687840 687841 687842 687843 687844 687845 687846 687847 687848 687849 687850 687851 687852 687853 687854 687855 687856 687857 687858 687859 687860 687861 687862 687863 687864 687865 687866 687867 687868 687869 687870 687871 687872 687873 687874 687875 687876 687877 687878 687879 687880 687881 687882 687883 687884 687885 687886 687887 687888 687889 687890 687891 687892 687893 687894 687895 687896 687897 687898 687899 687900 687901 687902 687903 687904 687905 687906 687907 687908 687909 687910 687911 687912 687913 687914 687915 # 312083 others

