# Histogram
000000 000000
000001 000000
000002 000000
000003 000000
000004 000000
000005 000040
000006 000024
000007 000003
000008 000002
000009 000001
000010 236441
000011 661182
000012 039092
000013 058654
000014 001231
000015 000260
000016 000212
000017 000166
000018 000128
000019 000088
000020 000066
000021 000145
000022 000177
000023 000120
000024 000063
000025 000076
000026 000096
000027 000080
000028 000084
000029 000078
000030 000096
000031 000085
000032 000128
000033 000133
000034 000151
000035 000327
000036 000339
000037 000135
000038 000050
000039 000018
000040 000007
000041 000008
000042 000008
000043 000004
000044 000001
000045 000000
000046 000000
000047 000000
000048 000001
000049 000000
000050 000000
000051 000000
000052 000000
000053 000000
000054 000000
000055 000000
000056 000000
000057 000000
000058 000000
000059 000000
000060 000000
000061 000000
000062 000000
000063 000000
000064 000000
000065 000000
000066 000000
000067 000000
000068 000000
000069 000000
000070 000000
000071 000000
000072 000000
000073 000000
000074 000000
000075 000000
000076 000000
000077 000000
000078 000000
000079 000000
000080 000000
000081 000000
000082 000000
000083 000000
000084 000000
000085 000000
000086 000000
000087 000000
000088 000000
000089 000000
000090 000000
000091 000000
000092 000000
000093 000000
000094 000000
000095 000000
000096 000000
000097 000000
000098 000000
000099 000000
# Total: 001000000
# Min Latencies: 00005
# Avg Latencies: 00010
# Max Latencies: 00048
# Histogram Overflows: 00000
# Histogram Overflow at cycle number:
# Thread 0:

