# Histogram
000000 000000
000001 000000
000002 000000
000003 000000
000004 000000
000005 000000
000006 000000
000007 000000
000008 000000
000009 172235
000010 655047
000011 056622
000012 048121
000013 042186
000014 013990
000015 003089
000016 001270
000017 000726
000018 000538
000019 000445
000020 000615
000021 000642
000022 000351
000023 000354
000024 000303
000025 000219
000026 000232
000027 000214
000028 000165
000029 000184
000030 000183
000031 000157
000032 000164
000033 000160
000034 000211
000035 000170
000036 000201
000037 000227
000038 000228
000039 000202
000040 000159
000041 000123
000042 000085
000043 000046
000044 000031
000045 000021
000046 000012
000047 000010
000048 000006
000049 000003
000050 000000
000051 000000
000052 000003
000053 000001
000054 000000
000055 000000
000056 000000
000057 000001
000058 000003
000059 000001
000060 000000
000061 000002
000062 000000
000063 000001
000064 000000
000065 000000
000066 000001
000067 000000
000068 000001
000069 000000
000070 000000
000071 000000
000072 000001
000073 000000
000074 000000
000075 000000
000076 000000
000077 000000
000078 000000
000079 000000
000080 000001
000081 000000
000082 000000
000083 000000
000084 000000
000085 000000
000086 000000
000087 000000
000088 000000
000089 000000
000090 000001
000091 000000
000092 000000
000093 000000
000094 000000
000095 000000
000096 000001
000097 000000
000098 000000
000099 000000
# Total: 000999965
# Min Latencies: 00009
# Avg Latencies: 00010
# Max Latencies: 02760
# Histogram Overflows: 00035
# Histogram Overflow at cycle number:
# Thread 0: 57799 70457 79908 177798 177799 185968 187913 190465 199932 297798 297799 307908 307909 307910 338835 355475 367907 367908 367909 417796 419028 547906 547907 559907 597793 597794 646032 782213 787908 799963 824054 830352 957793 957794 985517

