# Histogram
000000 000000
000001 000000
000002 000000
000003 000000
000004 000000
000005 000000
000006 000000
000007 000000
000008 000000
000009 222779
000010 619285
000011 041735
000012 054342
000013 038668
000014 011511
000015 002523
000016 001178
000017 000696
000018 000620
000019 000481
000020 000807
000021 000716
000022 000362
000023 000375
000024 000300
000025 000227
000026 000194
000027 000182
000028 000194
000029 000194
000030 000191
000031 000180
000032 000202
000033 000198
000034 000180
000035 000220
000036 000213
000037 000239
000038 000234
000039 000191
000040 000135
000041 000109
000042 000079
000043 000048
000044 000037
000045 000026
000046 000016
000047 000012
000048 000015
000049 000011
000050 000004
000051 000010
000052 000005
000053 000000
000054 000002
000055 000001
000056 000003
000057 000002
000058 000001
000059 000000
000060 000000
000061 000001
000062 000002
000063 000000
000064 000000
000065 000002
000066 000001
000067 000001
000068 000000
000069 000002
000070 000001
000071 000000
000072 000000
000073 000002
000074 000001
000075 000001
000076 000000
000077 000001
000078 000000
000079 000000
000080 000001
000081 000000
000082 000001
000083 000000
000084 000000
000085 000001
000086 000000
000087 000000
000088 000000
000089 000000
000090 000000
000091 000000
000092 000000
000093 000000
000094 000001
000095 000000
000096 000000
000097 000000
000098 000000
000099 000001
# Total: 000999953
# Min Latencies: 00009
# Avg Latencies: 00010
# Max Latencies: 03268
# Histogram Overflows: 00047
# Histogram Overflow at cycle number:
# Thread 0: 00657 00658 00659 37878 37879 47988 47989 48675 97877 107989 119806 119807 167985 167986 167987 240001 294433 337873 355871 457872 467981 467982 478748 479825 479826 527978 527979 549039 577865 577866 599992 601625 647980 697865 697866 719844 774053 817865 817866 827980 847385 879060 947983 960001 997865 997866 999069

