# Histogram
000000 000000
000001 000000
000002 000000
000003 000000
000004 000000
000005 000000
000006 000000
000007 023082
000008 178803
000009 019602
000010 009261
000011 010414
000012 014682
000013 004489
000014 005997
000015 006205
000016 005492
000017 004592
000018 003412
000019 002535
000020 002286
000021 002123
000022 002057
000023 002123
000024 002060
000025 002261
000026 001937
000027 002230
000028 002452
000029 002744
000030 003283
000031 004243
000032 027141
000033 354757
000034 084734
000035 080707
000036 020443
000037 011258
000038 006550
000039 004264
000040 004142
000041 002878
000042 002527
000043 002334
000044 002240
000045 002479
000046 002813
000047 003075
000048 003401
000049 003367
000050 003191
000051 003506
000052 004357
000053 005237
000054 005414
000055 004305
000056 003066
000057 001889
000058 001247
000059 001271
000060 001483
000061 001498
000062 001440
000063 001514
000064 001661
000065 001734
000066 001716
000067 001595
000068 001256
000069 000837
000070 000528
000071 000388
000072 000300
000073 000276
000074 000266
000075 000269
000076 000228
000077 000202
000078 000218
000079 000209
000080 000216
000081 000201
000082 000199
000083 000171
000084 000177
000085 000196
000086 000176
000087 000182
000088 000219
000089 000179
000090 000166
000091 000201
000092 000198
000093 000183
000094 000163
000095 000175
000096 000195
000097 000210
000098 000203
000099 000176
# Total: 000992362
# Min Latencies: 00007
# Avg Latencies: 00029
# Max Latencies: 05922
# Histogram Overflows: 07638
# Histogram Overflow at cycle number:
# Thread 0: 00099 00380 00390 00400 00410 00420 01243 01253 01263 01524 01534 01544 01554 01735 01745 01755 01785 01805 02026 02066 02337 02357 02367 03230 03240 03250 04073 04093 04364 04374 04384 04665 04675 04685 04936 04956 05518 05528 05538 05799 05809 05819 05829 06662 06672 06682 07485 07495 07505 07776 07786 08067 08077 08117 08589 08599 08619 08890 08910 08920 09201 09452 09462 10024 10034 10315 10325 10917 11208 11218 11228 11961 12051 12061 12332 12342 12352 13476 13496 13707 13817 14339 14620 14660 14670 14921 15212 15232 15453 15704 15734 16025 16326 16336 16607 16617 16838 16848 16858 16868 # 07538 others

