# Histogram
000000 000000
000001 000000
000002 000000
000003 000000
000004 000000
000005 000000
000006 000000
000007 000000
000008 000001
000009 000000
000010 000002
000011 000002
000012 000002
000013 000000
000014 000001
000015 000003
000016 000017
000017 000074
000018 000247
000019 000765
000020 001210
000021 003517
000022 008775
000023 013135
000024 003998
000025 000568
000026 000173
000027 000109
000028 000100
000029 000102
000030 000068
000031 000070
000032 000082
000033 000069
000034 000109
000035 000073
000036 000097
000037 000165
000038 000096
000039 000073
000040 000089
000041 000079
000042 000096
000043 000077
000044 000095
000045 000081
000046 000109
000047 000104
000048 000110
000049 000137
000050 000120
000051 000153
000052 000156
000053 000165
000054 000133
000055 000140
000056 000524
000057 001953
000058 002006
000059 004156
000060 004260
000061 006973
000062 008853
000063 009615
000064 008779
000065 006462
000066 004669
000067 003670
000068 002743
000069 002398
000070 001751
000071 001509
000072 001331
000073 001376
000074 001000
000075 000810
000076 000730
000077 000696
000078 000692
000079 000622
000080 000588
000081 000592
000082 000544
000083 000502
000084 000445
000085 000393
000086 000323
000087 000327
000088 000295
000089 000298
000090 000377
000091 000399
000092 000373
000093 000332
000094 000302
000095 000254
000096 000304
000097 000316
000098 000372
000099 000428
# Total: 000120889
# Min Latencies: 00008
# Avg Latencies: 00112
# Max Latencies: 00188
# Histogram Overflows: 879111
# Histogram Overflow at cycle number:
# Thread 0: 00000 00001 00002 00003 00004 00005 00006 00010 00011 00012 00013 00016 00020 00028 00030 00032 00036 00037 00040 00049 00050 00052 00061 00068 00077 00088 00111 00112 00121 00124 00131 00136 00141 00142 00151 00160 00161 00168 00176 00178 00205 00212 00232 00237 00242 00252 00257 00262 00265 00271 00272 00276 00303 00313 00314 00321 00326 00334 00343 00347 00348 00353 00357 00363 00366 00370 00371 00373 00383 00390 00394 00402 00415 00424 00435 00437 00444 00454 00464 00469 00471 00472 00474 00484 00494 00511 00523 00525 00536 00548 00560 00565 00575 00576 00577 00593 00596 00600 00602 00612 # 879011 others

