# Histogram
000000 000000
000001 000000
000002 000000
000003 000000
000004 000000
000005 000000
000006 000000
000007 022050
000008 136040
000009 022334
000010 007329
000011 006708
000012 009384
000013 004515
000014 007112
000015 007366
000016 006028
000017 006333
000018 006284
000019 003237
000020 002257
000021 002412
000022 001828
000023 001821
000024 001779
000025 001361
000026 000965
000027 000879
000028 000824
000029 000778
000030 000763
000031 000822
000032 033436
000033 373881
000034 091419
000035 094239
000036 023939
000037 017043
000038 011472
000039 007360
000040 006853
000041 004274
000042 003605
000043 002944
000044 002929
000045 002864
000046 002774
000047 002565
000048 002435
000049 002370
000050 002161
000051 001984
000052 002238
000053 002544
000054 002672
000055 002378
000056 002041
000057 001427
000058 001088
000059 000780
000060 000719
000061 000782
000062 000929
000063 001446
000064 001589
000065 001811
000066 002209
000067 002088
000068 001857
000069 001729
000070 001504
000071 000969
000072 000562
000073 000407
000074 000326
000075 000296
000076 000276
000077 000225
000078 000194
000079 000196
000080 000183
000081 000172
000082 000142
000083 000137
000084 000139
000085 000115
000086 000121
000087 000136
000088 000131
000089 000140
000090 000147
000091 000150
000092 000155
000093 000153
000094 000139
000095 000164
000096 000146
000097 000164
000098 000152
000099 000140
# Total: 000989964
# Min Latencies: 00007
# Avg Latencies: 00030
# Max Latencies: 02639
# Histogram Overflows: 10036
# Histogram Overflow at cycle number:
# Thread 0: 00320 00360 01504 01765 01775 01785 01805 01996 02016 02026 02036 02046 02056 02066 02086 02257 02267 02277 02287 02297 02307 02508 02518 02528 02548 02558 02568 02578 02588 02859 02869 02879 03150 03170 03451 03662 03672 03682 03692 03953 03993 05298 05609 05619 05629 05639 05930 05940 06502 06693 06703 06713 06723 06733 06944 06964 06984 07205 07215 07225 07235 07245 07265 07687 07697 07717 07994 08028 08038 08058 08319 08339 08580 08771 08791 08801 08811 08821 08831 08841 08851 08861 08891 09042 09052 09062 09072 09082 09092 09102 09112 09122 09303 09313 09323 09333 09343 09363 09373 09383 # 09936 others

