# Histogram
000000 000000
000001 000000
000002 000000
000003 000000
000004 000000
000005 000000
000006 000000
000007 000020
000008 000158
000009 000881
000010 001520
000011 002361
000012 002144
000013 002515
000014 005008
000015 006185
000016 007471
000017 009970
000018 011390
000019 010118
000020 009307
000021 009806
000022 008401
000023 003744
000024 005394
000025 004035
000026 002223
000027 000631
000028 000326
000029 000421
000030 008685
000031 012953
000032 017490
000033 027288
000034 019382
000035 012811
000036 011079
000037 008821
000038 007461
000039 006813
000040 005974
000041 004943
000042 004020
000043 003791
000044 003342
000045 002487
000046 001827
000047 001489
000048 001221
000049 001226
000050 001192
000051 001159
000052 001026
000053 001357
000054 001353
000055 001151
000056 001015
000057 001028
000058 000952
000059 000881
000060 000950
000061 000991
000062 001097
000063 001398
000064 001891
000065 002288
000066 002444
000067 002353
000068 002326
000069 002497
000070 002512
000071 002150
000072 001749
000073 001364
000074 001231
000075 001494
000076 004120
000077 008824
000078 012338
000079 013582
000080 013646
000081 011827
000082 009435
000083 007347
000084 005592
000085 004205
000086 003156
000087 002324
000088 001785
000089 001306
000090 000960
000091 000714
000092 000515
000093 000390
000094 000329
000095 000332
000096 000387
000097 000436
000098 000494
000099 000482
# Total: 000411507
# Min Latencies: 00007
# Avg Latencies: 00087
# Max Latencies: 01121
# Histogram Overflows: 588493
# Histogram Overflow at cycle number:
# Thread 0: 00008 00016 00017 00018 00025 00026 00027 00033 00034 00035 00036 00037 00038 00039 00041 00042 00043 00044 00045 00046 00047 00048 00049 00051 00052 00053 00054 00055 00056 00057 00058 00059 00061 00062 00067 00069 00078 00079 00083 00084 00085 00087 00088 00089 00091 00092 00093 00094 00095 00096 00097 00098 00099 00101 00102 00103 00104 00105 00106 00107 00108 00109 00113 00114 00115 00116 00117 00118 00119 00122 00123 00124 00125 00126 00127 00128 00129 00131 00132 00133 00134 00135 00136 00137 00138 00139 00143 00144 00145 00146 00147 00148 00149 00151 00152 00153 00154 00155 00156 00157 # 588393 others

