# Histogram
000000 000000
000001 000000
000002 000000
000003 000000
000004 000000
000005 000000
000006 000000
000007 001362
000008 001986
000009 004925
000010 004280
000011 003619
000012 007152
000013 003666
000014 009501
000015 006702
000016 014719
000017 011783
000018 006113
000019 003752
000020 002155
000021 003783
000022 003250
000023 001289
000024 000870
000025 000724
000026 000678
000027 000550
000028 000529
000029 000548
000030 000534
000031 000499
000032 031567
000033 455712
000034 160862
000035 125637
000036 033041
000037 017498
000038 011997
000039 008003
000040 007776
000041 005863
000042 004209
000043 002975
000044 001807
000045 001341
000046 001088
000047 000869
000048 000757
000049 000603
000050 000608
000051 000651
000052 000997
000053 001542
000054 002299
000055 002640
000056 002580
000057 002123
000058 001495
000059 000934
000060 000549
000061 000386
000062 000285
000063 000367
000064 000462
000065 000376
000066 000401
000067 000514
000068 000619
000069 000881
000070 001151
000071 000989
000072 000698
000073 000416
000074 000315
000075 000236
000076 000239
000077 000164
000078 000145
000079 000126
000080 000125
000081 000146
000082 000125
000083 000127
000084 000136
000085 000119
000086 000137
000087 000111
000088 000154
000089 000167
000090 000165
000091 000185
000092 000193
000093 000185
000094 000183
000095 000222
000096 000199
000097 000210
000098 000218
000099 000176
# Total: 000995045
# Min Latencies: 00007
# Avg Latencies: 00033
# Max Latencies: 03600
# Histogram Overflows: 04955
# Histogram Overflow at cycle number:
# Thread 0: 00000 00001 00003 00004 00611 01464 01695 01715 01735 01745 01755 01765 02046 02337 02628 02648 02859 02869 03411 03421 04866 04876 04886 04896 05087 05117 05127 05137 05147 05468 05709 05712 05717 05729 05960 05970 05980 05990 06271 06281 06823 06833 06843 06853 07104 07124 07134 07385 07405 07415 07435 07455 07685 07977 08017 08248 08258 08840 08850 08860 09121 09131 09141 09151 09693 09723 09733 09743 09753 09954 09974 10265 10334 10354 10555 10575 10585 10595 11187 11739 11749 11980 12000 12010 12020 12184 12361 13114 13134 13154 13164 14037 14308 14328 14559 14579 16355 16666 16917 16927 # 04855 others

