# Histogram
000000 000000
000001 000000
000002 000000
000003 000000
000004 000000
000005 000000
000006 000000
000007 077920
000008 458833
000009 228985
000010 069337
000011 039064
000012 027078
000013 012975
000014 017095
000015 015351
000016 008315
000017 013182
000018 008196
000019 003246
000020 002836
000021 002238
000022 001677
000023 001749
000024 001674
000025 001030
000026 000692
000027 000513
000028 000420
000029 000388
000030 000422
000031 000386
000032 000364
000033 000380
000034 000279
000035 000290
000036 000273
000037 000255
000038 000242
000039 000231
000040 000177
000041 000127
000042 000123
000043 000113
000044 000099
000045 000089
000046 000082
000047 000072
000048 000068
000049 000067
000050 000086
000051 000062
000052 000061
000053 000057
000054 000059
000055 000072
000056 000057
000057 000061
000058 000060
000059 000062
000060 000055
000061 000066
000062 000061
000063 000044
000064 000054
000065 000055
000066 000047
000067 000049
000068 000057
000069 000047
000070 000050
000071 000049
000072 000050
000073 000049
000074 000045
000075 000058
000076 000064
000077 000038
000078 000047
000079 000048
000080 000044
000081 000050
000082 000046
000083 000034
000084 000047
000085 000043
000086 000043
000087 000038
000088 000042
000089 000034
000090 000046
000091 000043
000092 000023
000093 000032
000094 000027
000095 000023
000096 000020
000097 000025
000098 000031
000099 000029
# Total: 000999323
# Min Latencies: 00007
# Avg Latencies: 00009
# Max Latencies: 01993
# Histogram Overflows: 00677
# Histogram Overflow at cycle number:
# Thread 0: 00029 00049 00722 00943 03806 03816 04258 05835 06940 06950 07141 07151 07643 09642 13730 13951 14172 14604 15940 20952 20962 20972 21414 21635 21866 24538 27973 28877 29078 31639 32282 32292 32965 32975 33628 33638 33869 34090 34532 36260 36270 36280 36501 40760 42779 43196 46044 48316 49218 49228 51197 55858 56933 58932 59133 59143 59816 60460 60461 60900 61312 63271 63281 63291 63934 68822 69980 71587 73921 74470 78629 79035 81331 83119 83340 84465 84686 84917 89367 92320 92973 94319 96529 96770 98558 99010 100336 101672 104635 108704 108935 109588 110442 111316 111326 113365 113375 114982 115203 115223 # 00577 others

