# Histogram
000000 000000
000001 000000
000002 000000
000003 000000
000004 000000
000005 000000
000006 000000
000007 181808
000008 483701
000009 068427
000010 028129
000011 028975
000012 023932
000013 014565
000014 016249
000015 013852
000016 013622
000017 011559
000018 009146
000019 007272
000020 006131
000021 004872
000022 004207
000023 003948
000024 003311
000025 002471
000026 001652
000027 001137
000028 000907
000029 000723
000030 000632
000031 000587
000032 000684
000033 004132
000034 004074
000035 002567
000036 001539
000037 001201
000038 001052
000039 001160
000040 001169
000041 001063
000042 000842
000043 000762
000044 000608
000045 000466
000046 000512
000047 000609
000048 000845
000049 001339
000050 002277
000051 003578
000052 005081
000053 005333
000054 005110
000055 003722
000056 002493
000057 001375
000058 000745
000059 000391
000060 000293
000061 000365
000062 000739
000063 001193
000064 001501
000065 001812
000066 001760
000067 001432
000068 000950
000069 000597
000070 000385
000071 000213
000072 000183
000073 000140
000074 000103
000075 000074
000076 000077
000077 000089
000078 000072
000079 000061
000080 000059
000081 000042
000082 000053
000083 000035
000084 000045
000085 000028
000086 000019
000087 000022
000088 000020
000089 000016
000090 000018
000091 000014
000092 000014
000093 000015
000094 000012
000095 000019
000096 000014
000097 000015
000098 000020
000099 000015
# Total: 000999078
# Min Latencies: 00007
# Avg Latencies: 00012
# Max Latencies: 02699
# Histogram Overflows: 00922
# Histogram Overflow at cycle number:
# Thread 0: 06221 09252 09593 09613 13527 13838 14029 14079 14099 14581 14651 17160 17411 17421 21255 21305 23041 23051 23583 24436 24456 28551 28561 31662 34593 34874 35978 39802 39803 40043 40053 42867 46326 46336 46346 46366 49708 50581 50842 51143 51484 53050 53060 53070 54445 58971 58981 58991 59001 59563 59844 59854 59864 59884 61209 61319 62022 62052 63176 63457 63467 63477 63688 65304 65826 65836 65846 65856 65866 65886 66408 66428 67000 68054 68064 68074 68084 68094 68114 69509 70292 70864 70884 73132 73152 73212 73413 75390 75671 75721 75872 75882 76223 76233 76825 77046 77618 77628 77638 77929 # 00822 others

