# Histogram
000000 000000
000001 000000
000002 000000
000003 000000
000004 000000
000005 000000
000006 000000
000007 000000
000008 000000
000009 000000
000010 000002
000011 000001
000012 000000
000013 000004
000014 000039
000015 000156
000016 000535
000017 000630
000018 000952
000019 003010
000020 002870
000021 006574
000022 012085
000023 013926
000024 004432
000025 001338
000026 000426
000027 000182
000028 000117
000029 000075
000030 000099
000031 000104
000032 000093
000033 000093
000034 000119
000035 000110
000036 000122
000037 000102
000038 000097
000039 000116
000040 000111
000041 000118
000042 000110
000043 000113
000044 000132
000045 000120
000046 000125
000047 000136
000048 000143
000049 000143
000050 000143
000051 000180
000052 000176
000053 000198
000054 000199
000055 000194
000056 000980
000057 002269
000058 003496
000059 005681
000060 004809
000061 005951
000062 005263
000063 004650
000064 003881
000065 003157
000066 002404
000067 001964
000068 001490
000069 001235
000070 001008
000071 000861
000072 000867
000073 000792
000074 000680
000075 000654
000076 000635
000077 000602
000078 000579
000079 000523
000080 000515
000081 000527
000082 000484
000083 000418
000084 000462
000085 000437
000086 000417
000087 000399
000088 000426
000089 000407
000090 000445
000091 000571
000092 000761
000093 000898
000094 000881
000095 000831
000096 000609
000097 000544
000098 000741
000099 001094
# Total: 000117048
# Min Latencies: 00010
# Avg Latencies: 00112
# Max Latencies: 00200
# Histogram Overflows: 882952
# Histogram Overflow at cycle number:
# Thread 0: 00000 00001 00002 00003 00004 00005 00006 00008 00010 00012 00017 00020 00030 00040 00050 00053 00071 00077 00081 00089 00097 00105 00111 00114 00118 00119 00121 00129 00141 00151 00159 00161 00170 00171 00172 00175 00181 00187 00188 00192 00200 00204 00208 00212 00220 00225 00229 00251 00252 00257 00262 00265 00272 00275 00276 00282 00292 00305 00309 00314 00317 00329 00333 00337 00346 00350 00370 00373 00383 00393 00402 00403 00413 00418 00429 00432 00442 00444 00471 00475 00484 00491 00494 00500 00504 00511 00512 00519 00520 00521 00530 00539 00577 00588 00592 00595 00596 00607 00615 00620 # 882852 others

