# Histogram
000000 000000
000001 000000
000002 000000
000003 000000
000004 000000
000005 000000
000006 000000
000007 000000
000008 000000
000009 184911
000010 650140
000011 049786
000012 059859
000013 034206
000014 009959
000015 002616
000016 001309
000017 000701
000018 000759
000019 000907
000020 000432
000021 000276
000022 000211
000023 000204
000024 000219
000025 000196
000026 000207
000027 000197
000028 000175
000029 000194
000030 000186
000031 000191
000032 000166
000033 000191
000034 000163
000035 000203
000036 000209
000037 000232
000038 000223
000039 000197
000040 000146
000041 000121
000042 000079
000043 000052
000044 000036
000045 000029
000046 000014
000047 000004
000048 000004
000049 000005
000050 000001
000051 000002
000052 000001
000053 000003
000054 000001
000055 000001
000056 000002
000057 000002
000058 000001
000059 000000
000060 000000
000061 000000
000062 000002
000063 000001
000064 000000
000065 000000
000066 000000
000067 000000
000068 000000
000069 000001
000070 000000
000071 000001
000072 000000
000073 000000
000074 000000
000075 000000
000076 000000
000077 000000
000078 000000
000079 000000
000080 000000
000081 000001
000082 000000
000083 000000
000084 000000
000085 000000
000086 000001
000087 000000
000088 000000
000089 000000
000090 000000
000091 000000
000092 000000
000093 000000
000094 000000
000095 000000
000096 000000
000097 000000
000098 000000
000099 000000
# Total: 000999936
# Min Latencies: 00009
# Avg Latencies: 00010
# Max Latencies: 03624
# Histogram Overflows: 00064
# Histogram Overflow at cycle number:
# Thread 0: 16398 26274 39707 39708 40273 41486 72226 73742 86270 87224 136156 136157 139274 160301 177230 207232 235018 256155 256156 266265 299527 323591 331783 340263 364039 376152 376153 376154 386262 386263 386264 386265 428550 446262 446468 450790 519723 556149 556150 566260 566261 589826 612251 626258 627250 639725 639726 676147 687254 700289 702255 718849 746260 783361 796145 806255 815613 840810 880125 916142 916143 940265 957270 999422

