# Histogram
000000 000000
000001 000000
000002 000000
000003 000000
000004 000000
000005 004627
000006 000951
000007 000229
000008 000048
000009 000005
000010 334748
000011 559762
000012 082430
000013 013788
000014 000295
000015 000136
000016 000116
000017 000138
000018 000154
000019 000122
000020 000077
000021 000110
000022 000111
000023 000105
000024 000083
000025 000091
000026 000078
000027 000099
000028 000095
000029 000095
000030 000104
000031 000106
000032 000099
000033 000086
000034 000123
000035 000190
000036 000357
000037 000270
000038 000087
000039 000030
000040 000010
000041 000011
000042 000006
000043 000011
000044 000012
000045 000000
000046 000001
000047 000001
000048 000000
000049 000000
000050 000001
000051 000000
000052 000001
000053 000000
000054 000000
000055 000000
000056 000000
000057 000000
000058 000000
000059 000000
000060 000000
000061 000000
000062 000000
000063 000000
000064 000000
000065 000000
000066 000000
000067 000000
000068 000000
000069 000000
000070 000000
000071 000000
000072 000000
000073 000000
000074 000000
000075 000000
000076 000000
000077 000000
000078 000000
000079 000000
000080 000000
000081 000000
000082 000000
000083 000000
000084 000000
000085 000000
000086 000000
000087 000000
000088 000000
000089 000000
000090 000000
000091 000000
000092 000000
000093 000000
000094 000000
000095 000000
000096 000000
000097 000000
000098 000000
000099 000000
# Total: 000999999
# Min Latencies: 00005
# Avg Latencies: 00010
# Max Latencies: 00625
# Histogram Overflows: 00001
# Histogram Overflow at cycle number:
# Thread 0: 00204

