# Histogram
000000 000000
000001 000000
000002 000000
000003 000000
000004 000000
000005 000000
000006 000000
000007 000000
000008 000000
000009 173115
000010 660936
000011 050000
000012 064046
000013 029866
000014 010345
000015 002445
000016 001236
000017 000697
000018 000638
000019 000531
000020 000443
000021 000683
000022 000642
000023 000455
000024 000350
000025 000276
000026 000207
000027 000228
000028 000190
000029 000187
000030 000186
000031 000180
000032 000180
000033 000127
000034 000154
000035 000180
000036 000222
000037 000238
000038 000221
000039 000200
000040 000155
000041 000102
000042 000085
000043 000056
000044 000037
000045 000029
000046 000021
000047 000015
000048 000008
000049 000007
000050 000003
000051 000000
000052 000004
000053 000001
000054 000001
000055 000002
000056 000002
000057 000001
000058 000001
000059 000000
000060 000002
000061 000002
000062 000002
000063 000000
000064 000002
000065 000000
000066 000003
000067 000002
000068 000001
000069 000001
000070 000000
000071 000001
000072 000000
000073 000001
000074 000000
000075 000000
000076 000000
000077 000000
000078 000000
000079 000000
000080 000000
000081 000000
000082 000000
000083 000001
000084 000000
000085 000000
000086 000000
000087 000000
000088 000000
000089 000000
000090 000000
000091 000000
000092 000000
000093 000000
000094 000000
000095 000000
000096 000000
000097 000000
000098 000000
000099 000000
# Total: 000999952
# Min Latencies: 00009
# Avg Latencies: 00010
# Max Latencies: 02599
# Histogram Overflows: 00048
# Histogram Overflow at cycle number:
# Thread 0: 20408 40775 56238 56239 124408 156317 176238 176239 200366 244407 246347 246348 246349 296235 296236 307249 320396 340634 366349 382254 416235 416236 445803 463514 486345 486346 486347 487259 586392 596233 596234 666343 666344 666345 667270 682271 776231 776232 799764 799765 800345 844401 877284 896231 896232 906341 906342 906343

