# Histogram
000000 000000
000001 000000
000002 000000
000003 000000
000004 000000
000005 000000
000006 000000
000007 000000
000008 000000
000009 209858
000010 633835
000011 039512
000012 060506
000013 032526
000014 011032
000015 003145
000016 001495
000017 000802
000018 000863
000019 000979
000020 000607
000021 000409
000022 000346
000023 000238
000024 000266
000025 000200
000026 000207
000027 000232
000028 000155
000029 000180
000030 000186
000031 000151
000032 000175
000033 000149
000034 000184
000035 000219
000036 000205
000037 000215
000038 000199
000039 000202
000040 000137
000041 000119
000042 000081
000043 000062
000044 000039
000045 000031
000046 000011
000047 000012
000048 000010
000049 000007
000050 000009
000051 000003
000052 000003
000053 000004
000054 000007
000055 000002
000056 000007
000057 000003
000058 000004
000059 000004
000060 000005
000061 000003
000062 000005
000063 000004
000064 000001
000065 000002
000066 000001
000067 000002
000068 000001
000069 000000
000070 000001
000071 000002
000072 000001
000073 000000
000074 000000
000075 000000
000076 000000
000077 000000
000078 000001
000079 000001
000080 000001
000081 000000
000082 000000
000083 000000
000084 000002
000085 000000
000086 000000
000087 000000
000088 000001
000089 000000
000090 000000
000091 000001
000092 000001
000093 000000
000094 000001
000095 000000
000096 000000
000097 000000
000098 000000
000099 000000
# Total: 000999870
# Min Latencies: 00009
# Avg Latencies: 00010
# Max Latencies: 03547
# Histogram Overflows: 00130
# Histogram Overflow at cycle number:
# Thread 0: 00650 00651 00652 09587 11286 11287 13337 13835 14171 15014 15751 18284 18863 18864 19374 19618 19699 23216 23410 23762 23763 25759 26116 27388 27867 36327 36328 36481 36643 37063 37234 37320 37401 37646 37729 37828 40446 41129 41496 41497 42574 42575 43322 43663 43845 44071 44541 44721 45058 46225 46734 46968 47051 47133 47296 64094 80797 88578 94007 94634 97603 98388 98445 106435 164718 167914 173364 183874 186515 188029 212263 216325 216326 226366 226368 226369 226381 226435 226468 226475 226476 226478 226495 236435 333821 336321 357680 399027 399092 399104 399105 399112 399166 399169 406429 406430 420436 456316 456317 466427 # 00030 others

