# Histogram
000000 000000
000001 000000
000002 000000
000003 000000
000004 000000
000005 000005
000006 000005
000007 000002
000008 000000
000009 000001
000010 533194
000011 366615
000012 086175
000013 010703
000014 000328
000015 000101
000016 000116
000017 000112
000018 000144
000019 000073
000020 000077
000021 000121
000022 000123
000023 000089
000024 000103
000025 000071
000026 000092
000027 000094
000028 000099
000029 000110
000030 000107
000031 000127
000032 000117
000033 000079
000034 000142
000035 000230
000036 000326
000037 000199
000038 000059
000039 000017
000040 000011
000041 000006
000042 000008
000043 000013
000044 000002
000045 000001
000046 000000
000047 000001
000048 000000
000049 000000
000050 000000
000051 000000
000052 000000
000053 000000
000054 000000
000055 000000
000056 000001
000057 000000
000058 000000
000059 000000
000060 000000
000061 000000
000062 000000
000063 000000
000064 000000
000065 000000
000066 000000
000067 000000
000068 000000
000069 000000
000070 000000
000071 000000
000072 000000
000073 000000
000074 000000
000075 000000
000076 000000
000077 000000
000078 000000
000079 000000
000080 000000
000081 000000
000082 000000
000083 000000
000084 000000
000085 000000
000086 000000
000087 000000
000088 000000
000089 000000
000090 000000
000091 000000
000092 000000
000093 000000
000094 000000
000095 000000
000096 000000
000097 000000
000098 000000
000099 000000
# Total: 000999999
# Min Latencies: 00005
# Avg Latencies: 00010
# Max Latencies: 00801
# Histogram Overflows: 00001
# Histogram Overflow at cycle number:
# Thread 0: 00013

