# Histogram
000000 000000
000001 000000
000002 000000
000003 000000
000004 000000
000005 000000
000006 000000
000007 000000
000008 000000
000009 216991
000010 617713
000011 048476
000012 073765
000013 025942
000014 005778
000015 002421
000016 001273
000017 000649
000018 000963
000019 001058
000020 000464
000021 000294
000022 000181
000023 000199
000024 000182
000025 000192
000026 000205
000027 000171
000028 000211
000029 000192
000030 000204
000031 000205
000032 000206
000033 000181
000034 000172
000035 000203
000036 000203
000037 000246
000038 000238
000039 000196
000040 000158
000041 000118
000042 000076
000043 000072
000044 000041
000045 000026
000046 000021
000047 000012
000048 000009
000049 000007
000050 000002
000051 000001
000052 000000
000053 000002
000054 000000
000055 000003
000056 000002
000057 000001
000058 000001
000059 000000
000060 000000
000061 000000
000062 000001
000063 000002
000064 000000
000065 000000
000066 000000
000067 000001
000068 000000
000069 000000
000070 000000
000071 000001
000072 000000
000073 000000
000074 000001
000075 000001
000076 000001
000077 000000
000078 000000
000079 000000
000080 000000
000081 000000
000082 000000
000083 000001
000084 000000
000085 000000
000086 000000
000087 000001
000088 000000
000089 000000
000090 000000
000091 000001
000092 000000
000093 000000
000094 000000
000095 000000
000096 000000
000097 000000
000098 000000
000099 000000
# Total: 000999937
# Min Latencies: 00009
# Avg Latencies: 00010
# Max Latencies: 04281
# Histogram Overflows: 00063
# Histogram Overflow at cycle number:
# Thread 0: 32474 39727 39728 59866 59867 61098 68056 98776 110986 110987 121096 121097 121098 126025 155095 175575 181095 182741 220092 227482 242483 244181 257484 290982 290983 301097 340124 359892 410982 410983 422494 460111 489940 509907 530981 541094 569810 631250 638930 639754 639755 647509 662510 710980 721089 721090 735695 749006 759757 759758 781085 781086 830973 830974 832460 841083 857514 887241 896970 917961 961081 981446 993733

