# Histogram
000000 000000
000001 000000
000002 000000
000003 000000
000004 000000
000005 000000
000006 000000
000007 000000
000008 000000
000009 221440
000010 623133
000011 038427
000012 080094
000013 020734
000014 004604
000015 002285
000016 001223
000017 000624
000018 000897
000019 000814
000020 000479
000021 000336
000022 000233
000023 000228
000024 000223
000025 000255
000026 000199
000027 000207
000028 000180
000029 000197
000030 000226
000031 000177
000032 000198
000033 000180
000034 000191
000035 000209
000036 000202
000037 000271
000038 000226
000039 000236
000040 000159
000041 000117
000042 000064
000043 000049
000044 000040
000045 000026
000046 000017
000047 000013
000048 000007
000049 000004
000050 000002
000051 000005
000052 000000
000053 000001
000054 000001
000055 000001
000056 000000
000057 000001
000058 000002
000059 000000
000060 000000
000061 000001
000062 000000
000063 000000
000064 000001
000065 000000
000066 000000
000067 000000
000068 000001
000069 000000
000070 000000
000071 000000
000072 000001
000073 000000
000074 000000
000075 000000
000076 000001
000077 000005
000078 000015
000079 000029
000080 000088
000081 000133
000082 000079
000083 000055
000084 000030
000085 000027
000086 000012
000087 000011
000088 000002
000089 000003
000090 000000
000091 000003
000092 000000
000093 000000
000094 000001
000095 000001
000096 000001
000097 000001
000098 000000
000099 000000
# Total: 000999938
# Min Latencies: 00009
# Avg Latencies: 00010
# Max Latencies: 04195
# Histogram Overflows: 00062
# Histogram Overflow at cycle number:
# Thread 0: 00660 00661 26137 71155 71156 101633 119792 119793 120268 141265 141266 155390 155391 191152 191153 191614 201262 202584 209660 236134 261259 261260 261261 276218 311147 311148 321257 381254 383602 420251 441250 455407 462576 462577 491137 491138 566124 585456 585457 611137 621246 621247 624363 660250 675627 681248 708333 716524 731133 731134 741242 769640 777961 817640 851130 851131 861240 892648 900298 963622 981238 981239

