# Histogram
000000 000000
000001 000000
000002 000000
000003 000000
000004 000000
000005 000000
000006 000000
000007 000000
000008 000000
000009 167960
000010 666097
000011 047506
000012 062029
000013 032684
000014 011297
000015 002664
000016 001268
000017 000742
000018 001121
000019 000597
000020 000442
000021 000276
000022 000211
000023 001030
000024 000445
000025 000273
000026 000239
000027 000202
000028 000194
000029 000178
000030 000210
000031 000176
000032 000188
000033 000140
000034 000177
000035 000180
000036 000210
000037 000241
000038 000229
000039 000199
000040 000173
000041 000113
000042 000085
000043 000046
000044 000052
000045 000027
000046 000021
000047 000004
000048 000007
000049 000005
000050 000000
000051 000001
000052 000003
000053 000001
000054 000002
000055 000001
000056 000001
000057 000000
000058 000001
000059 000000
000060 000000
000061 000001
000062 000002
000063 000001
000064 000002
000065 000000
000066 000001
000067 000000
000068 000000
000069 000001
000070 000000
000071 000000
000072 000000
000073 000000
000074 000001
000075 000001
000076 000000
000077 000000
000078 000000
000079 000000
000080 000000
000081 000000
000082 000000
000083 000000
000084 000000
000085 000000
000086 000001
000087 000001
000088 000000
000089 000000
000090 000000
000091 000000
000092 000000
000093 000000
000094 000001
000095 000000
000096 000000
000097 000000
000098 000000
000099 000000
# Total: 000999961
# Min Latencies: 00009
# Avg Latencies: 00010
# Max Latencies: 03547
# Histogram Overflows: 00039
# Histogram Overflow at cycle number:
# Thread 0: 41172 41173 91060 91061 91062 101175 138339 161170 161171 211057 211058 319753 319754 331059 341168 372497 380164 391056 500166 506974 511054 511055 521168 522505 559762 559763 620163 631053 631054 740171 752732 811053 811054 821163 821164 821165 821166 875612 961628

