# Histogram
000000 000000
000001 000000
000002 000000
000003 000000
000004 000000
000005 000000
000006 000000
000007 000026
000008 000386
000009 002076
000010 002503
000011 002639
000012 001768
000013 001326
000014 001879
000015 005190
000016 003806
000017 010945
000018 011136
000019 009642
000020 009917
000021 009274
000022 005830
000023 003253
000024 004084
000025 011282
000026 002886
000027 001329
000028 000575
000029 000375
000030 000349
000031 000319
000032 001459
000033 094406
000034 079498
000035 050235
000036 023509
000037 013297
000038 012675
000039 008975
000040 004948
000041 002859
000042 002443
000043 002287
000044 001354
000045 000045
000046 000000
000047 000024
000048 000096
000049 000146
000050 000127
000051 000114
000052 000135
000053 000217
000054 000326
000055 000511
000056 000647
000057 000700
000058 000680
000059 000875
000060 000828
000061 001118
000062 001279
000063 001115
000064 000947
000065 001034
000066 001002
000067 001030
000068 001025
000069 001088
000070 001118
000071 001413
000072 001721
000073 002073
000074 002389
000075 002669
000076 003331
000077 003228
000078 003211
000079 002174
000080 001655
000081 001281
000082 000907
000083 000805
000084 000682
000085 000612
000086 000494
000087 000442
000088 000365
000089 000319
000090 000246
000091 000194
000092 000162
000093 000133
000094 000155
000095 000141
000096 000149
000097 000131
000098 000120
000099 000139
# Total: 000448308
# Min Latencies: 00007
# Avg Latencies: 00082
# Max Latencies: 02885
# Histogram Overflows: 551692
# Histogram Overflow at cycle number:
# Thread 0: 00017 00018 00020 00021 00023 00024 00025 00026 00027 00028 00031 00032 00033 00034 00035 00036 00037 00038 00039 00041 00042 00043 00044 00045 00046 00047 00048 00049 00053 00054 00055 00056 00075 00076 00077 00078 00079 00081 00082 00083 00084 00085 00086 00087 00088 00089 00091 00092 00093 00094 00095 00096 00097 00098 00099 00101 00102 00103 00104 00105 00106 00107 00108 00109 00111 00112 00113 00114 00115 00116 00117 00118 00119 00121 00122 00123 00124 00125 00126 00127 00128 00129 00131 00132 00133 00134 00135 00136 00137 00138 00139 00141 00142 00143 00144 00145 00146 00147 00148 00149 # 551592 others

