# Histogram
000000 000000
000001 000000
000002 000000
000003 000000
000004 000000
000005 000000
000006 000000
000007 000013
000008 000164
000009 001329
000010 001943
000011 002110
000012 001562
000013 001128
000014 001379
000015 003548
000016 002560
000017 008855
000018 007976
000019 011112
000020 014158
000021 011335
000022 003769
000023 003797
000024 007998
000025 012068
000026 002853
000027 001498
000028 000534
000029 000242
000030 000000
000031 000012
000032 000096
000033 000163
000034 000205
000035 000151
000036 003416
000037 037751
000038 047227
000039 028467
000040 021629
000041 016796
000042 010913
000043 007684
000044 006709
000045 006055
000046 004991
000047 004205
000048 002860
000049 002389
000050 002115
000051 001791
000052 001261
000053 000939
000054 000710
000055 000673
000056 000749
000057 000777
000058 001048
000059 001257
000060 001320
000061 001121
000062 000957
000063 000820
000064 000798
000065 000763
000066 000880
000067 001001
000068 001241
000069 001473
000070 001681
000071 002303
000072 002941
000073 003468
000074 003618
000075 003243
000076 002467
000077 002008
000078 001430
000079 001106
000080 000808
000081 000552
000082 000447
000083 000386
000084 000335
000085 000279
000086 000230
000087 000229
000088 000195
000089 000166
000090 000151
000091 000146
000092 000123
000093 000135
000094 000134
000095 000139
000096 000158
000097 000171
000098 000244
000099 000828
# Total: 000355465
# Min Latencies: 00007
# Avg Latencies: 00088
# Max Latencies: 02055
# Histogram Overflows: 644535
# Histogram Overflow at cycle number:
# Thread 0: 00000 00001 00002 00003 00004 00005 00007 00008 00010 00011 00012 00013 00014 00015 00016 00017 00018 00020 00021 00022 00023 00024 00025 00026 00027 00028 00030 00031 00032 00033 00034 00035 00036 00037 00038 00039 00040 00041 00042 00043 00044 00045 00046 00047 00048 00049 00051 00052 00053 00054 00055 00056 00057 00058 00059 00061 00062 00063 00064 00065 00066 00067 00068 00069 00071 00072 00073 00074 00075 00077 00078 00079 00081 00082 00083 00084 00085 00086 00087 00088 00089 00092 00093 00094 00095 00097 00098 00099 00101 00102 00103 00104 00105 00106 00107 00108 00109 00111 00112 00113 # 644435 others

