# Histogram
000000 000000
000001 000000
000002 000000
000003 000000
000004 000000
000005 000000
000006 000000
000007 221161
000008 523055
000009 089606
000010 024110
000011 038722
000012 035469
000013 009602
000014 017693
000015 010311
000016 006194
000017 005646
000018 003296
000019 002316
000020 001680
000021 001246
000022 001063
000023 000951
000024 000959
000025 000722
000026 000516
000027 000442
000028 000379
000029 000437
000030 000385
000031 000291
000032 000225
000033 000236
000034 000184
000035 000194
000036 000156
000037 000145
000038 000128
000039 000093
000040 000088
000041 000074
000042 000051
000043 000055
000044 000042
000045 000040
000046 000040
000047 000060
000048 000037
000049 000045
000050 000040
000051 000036
000052 000044
000053 000056
000054 000044
000055 000044
000056 000037
000057 000037
000058 000034
000059 000034
000060 000037
000061 000030
000062 000025
000063 000028
000064 000028
000065 000025
000066 000026
000067 000034
000068 000019
000069 000022
000070 000018
000071 000027
000072 000016
000073 000027
000074 000013
000075 000016
000076 000021
000077 000027
000078 000020
000079 000016
000080 000024
000081 000014
000082 000019
000083 000017
000084 000014
000085 000012
000086 000020
000087 000014
000088 000017
000089 000013
000090 000012
000091 000015
000092 000013
000093 000016
000094 000006
000095 000009
000096 000010
000097 000010
000098 000009
000099 000005
# Total: 000999295
# Min Latencies: 00007
# Avg Latencies: 00008
# Max Latencies: 02599
# Histogram Overflows: 00705
# Histogram Overflow at cycle number:
# Thread 0: 00591 01595 01856 01896 03693 03703 04217 04218 04459 04707 09415 09666 09676 09709 09712 12798 12818 15127 15388 15940 15960 16442 18028 20407 24382 24392 24412 24673 24683 25667 25687 26711 26952 27454 27464 27484 29817 30536 32604 33146 38858 38888 39641 39661 43375 43646 47059 47862 49679 49950 53082 53092 53102 53343 55481 58914 59436 59446 59456 65657 67999 71332 73922 77847 77857 84874 85416 85988 86731 86751 88859 88869 89209 90174 91258 91539 92322 92342 93617 93858 93868 94952 96377 110000 124034 124054 124467 124468 126633 127096 132906 133478 135255 135506 137102 138106 139913 144169 147803 147823 # 00605 others

