# Histogram
000000 000000
000001 000000
000002 000000
000003 000000
000004 000000
000005 000000
000006 000000
000007 000000
000008 000004
000009 000004
000010 000003
000011 000001
000012 000000
000013 000001
000014 000082
000015 000296
000016 000693
000017 000746
000018 000849
000019 001442
000020 002192
000021 003314
000022 005531
000023 007904
000024 003631
000025 001357
000026 000545
000027 000333
000028 000302
000029 000250
000030 000228
000031 000266
000032 000216
000033 000194
000034 000174
000035 000171
000036 000152
000037 000152
000038 000158
000039 000164
000040 000153
000041 000181
000042 000153
000043 000137
000044 000354
000045 000376
000046 000331
000047 001929
000048 003222
000049 002794
000050 002680
000051 002597
000052 002558
000053 002118
000054 001823
000055 001946
000056 034519
000057 123594
000058 140879
000059 131975
000060 101277
000061 070405
000062 053787
000063 041650
000064 031017
000065 026043
000066 019678
000067 015603
000068 012680
000069 010271
000070 008941
000071 008031
000072 007788
000073 007716
000074 007556
000075 007874
000076 008580
000077 008410
000078 007910
000079 007495
000080 006721
000081 005895
000082 005248
000083 004636
000084 003933
000085 003397
000086 002821
000087 002551
000088 002167
000089 001810
000090 001493
000091 001333
000092 000996
000093 000850
000094 000751
000095 000593
000096 000578
000097 000475
000098 000477
000099 000474
# Total: 000995585
# Min Latencies: 00008
# Avg Latencies: 00061
# Max Latencies: 00191
# Histogram Overflows: 04415
# Histogram Overflow at cycle number:
# Thread 0: 00362 00473 01237 01402 01503 01594 01685 01786 02069 02453 02655 02756 03049 03564 03645 03653 04183 04484 04585 04744 05161 05444 05727 06182 06485 06798 07172 07491 07637 07728 07829 07930 08011 08071 08371 08506 08607 09072 09461 09709 09851 09982 10255 10437 10473 10693 10795 10892 11169 11357 11425 11458 11721 11939 12057 12166 12247 12443 12904 13399 13490 13803 13904 14005 14106 14308 14500 14591 15106 15551 15693 15834 15915 16097 16198 16400 16491 16572 16966 17067 17070 17168 17562 17653 17956 18138 18219 18340 18451 18956 19193 19239 19542 19754 19875 19986 20269 20572 20784 20963 # 04315 others

