# Histogram
000000 000000
000001 000000
000002 000000
000003 000000
000004 000000
000005 000000
000006 000000
000007 002693
000008 005605
000009 239121
000010 261075
000011 311688
000012 056142
000013 022607
000014 018666
000015 013704
000016 010115
000017 015395
000018 008940
000019 005325
000020 005537
000021 004684
000022 003025
000023 002240
000024 002032
000025 001366
000026 000799
000027 000531
000028 000390
000029 000356
000030 000294
000031 000288
000032 000292
000033 000318
000034 000274
000035 000315
000036 000281
000037 000297
000038 000329
000039 000317
000040 000302
000041 000246
000042 000233
000043 000220
000044 000179
000045 000141
000046 000120
000047 000113
000048 000082
000049 000079
000050 000065
000051 000053
000052 000068
000053 000061
000054 000060
000055 000072
000056 000079
000057 000077
000058 000062
000059 000050
000060 000065
000061 000046
000062 000049
000063 000062
000064 000047
000065 000046
000066 000045
000067 000068
000068 000048
000069 000042
000070 000056
000071 000054
000072 000041
000073 000034
000074 000032
000075 000036
000076 000041
000077 000036
000078 000032
000079 000039
000080 000041
000081 000046
000082 000038
000083 000028
000084 000032
000085 000031
000086 000028
000087 000036
000088 000032
000089 000040
000090 000040
000091 000053
000092 000057
000093 000069
000094 000058
000095 000056
000096 000055
000097 000055
000098 000052
000099 000041
# Total: 000999210
# Min Latencies: 00007
# Avg Latencies: 00011
# Max Latencies: 06327
# Histogram Overflows: 00790
# Histogram Overflow at cycle number:
# Thread 0: 04615 04744 05127 06922 06932 09645 09836 10037 11263 12744 14649 16699 17121 18347 18548 18739 19151 20744 22437 24869 26632 26760 27743 27753 32586 33842 34224 34425 36686 36744 37078 37470 42725 46292 47126 48292 48875 49076 50696 51960 54271 54683 55899 56776 60744 64776 64972 64982 69745 70157 70569 71172 71373 72227 74086 74287 74760 78005 78015 82297 83623 85977 85978 90465 90760 91932 92406 97338 97529 99619 100744 101508 101709 101900 104633 105628 107015 107447 109507 109517 109889 110914 115837 116743 117043 117053 119303 120409 120851 122375 122398 124744 127515 128639 130057 130760 132357 132950 132960 134186 # 00690 others

