# Histogram
000000 000000
000001 000000
000002 000000
000003 000000
000004 000000
000005 000000
000006 000000
000007 001306
000008 003331
000009 004715
000010 003943
000011 003507
000012 008978
000013 005131
000014 012041
000015 008282
000016 006965
000017 007803
000018 006908
000019 005288
000020 001884
000021 001769
000022 002205
000023 001946
000024 001123
000025 000908
000026 000721
000027 000645
000028 000602
000029 000617
000030 000652
000031 000622
000032 006383
000033 409800
000034 187913
000035 145448
000036 049519
000037 021436
000038 013382
000039 007225
000040 008097
000041 006077
000042 004869
000043 003569
000044 002117
000045 001514
000046 001211
000047 001187
000048 001067
000049 000873
000050 000845
000051 000837
000052 001083
000053 001628
000054 002158
000055 002553
000056 002532
000057 002197
000058 001685
000059 001137
000060 000733
000061 000496
000062 000359
000063 000432
000064 000399
000065 000364
000066 000400
000067 000411
000068 000592
000069 000824
000070 001167
000071 001009
000072 000740
000073 000549
000074 000378
000075 000261
000076 000244
000077 000165
000078 000170
000079 000141
000080 000113
000081 000125
000082 000132
000083 000150
000084 000132
000085 000107
000086 000127
000087 000129
000088 000133
000089 000156
000090 000178
000091 000179
000092 000192
000093 000247
000094 000258
000095 000262
000096 000260
000097 000237
000098 000253
000099 000173
# Total: 000993611
# Min Latencies: 00007
# Avg Latencies: 00034
# Max Latencies: 14398
# Histogram Overflows: 06389
# Histogram Overflow at cycle number:
# Thread 0: 00059 00591 00601 00842 00852 00862 01695 02448 02458 02468 02478 02488 02508 02759 03572 04355 04365 04375 04385 04395 04405 04415 04434 04635 04645 04655 04886 04936 05207 05498 05753 05757 06048 06125 06319 06530 06540 06550 06560 06570 06625 06781 06801 06821 06831 07142 07995 08246 08256 08266 08276 08375 08507 08517 08527 08537 08875 09320 09330 09340 09350 09892 09912 09922 09932 09942 10173 10213 10223 10474 10484 10685 10715 10725 10735 10745 10755 10765 11327 11375 12140 12160 12170 12421 12431 12441 12451 12491 12565 12566 13021 13583 14777 15600 15610 15640 16804 17045 18410 18420 # 06289 others

