# Histogram
000000 000000
000001 000000
000002 000000
000003 000000
000004 000000
000005 000000
000006 000000
000007 000000
000008 000013
000009 000014
000010 000015
000011 000013
000012 000008
000013 000004
000014 000034
000015 000059
000016 000258
000017 000685
000018 000776
000019 001094
000020 002082
000021 003030
000022 006233
000023 006967
000024 002893
000025 001317
000026 000328
000027 000175
000028 000144
000029 000121
000030 000124
000031 000125
000032 000110
000033 000111
000034 000114
000035 000091
000036 000114
000037 000086
000038 000096
000039 000069
000040 000090
000041 000072
000042 000072
000043 000062
000044 000235
000045 000298
000046 000232
000047 008005
000048 031788
000049 018771
000050 012785
000051 004678
000052 006619
000053 007847
000054 006337
000055 007290
000056 011970
000057 045792
000058 077051
000059 075551
000060 078770
000061 072457
000062 063081
000063 051104
000064 039371
000065 034194
000066 028567
000067 024131
000068 020334
000069 017863
000070 016008
000071 014498
000072 013898
000073 014351
000074 015916
000075 016965
000076 016976
000077 016194
000078 014239
000079 011861
000080 010078
000081 008356
000082 007248
000083 006351
000084 005382
000085 004653
000086 003894
000087 003302
000088 002695
000089 002235
000090 002037
000091 001852
000092 001708
000093 001543
000094 001267
000095 001139
000096 001080
000097 000990
000098 000912
000099 000862
# Total: 000991210
# Min Latencies: 00008
# Avg Latencies: 00063
# Max Latencies: 00164
# Histogram Overflows: 08790
# Histogram Overflow at cycle number:
# Thread 0: 00231 00612 01135 01311 01594 01685 01776 02261 02352 02431 02443 02827 02889 02918 03019 03777 03815 03868 03949 04141 04515 04897 05230 05425 05516 05617 05718 05940 06142 06334 06435 06607 06799 06890 06938 06981 07072 07123 07254 07446 07547 07729 07808 07911 08002 08093 08184 08275 08366 08459 08536 08554 08922 09235 09578 09669 09972 10073 10285 10317 10386 10649 10841 11125 11134 11172 11320 11326 11806 11831 12033 12134 12407 12498 12811 12912 13013 13104 13417 13720 13821 14003 14019 14185 14508 14690 14963 15064 15155 15246 15297 15393 15428 15923 16014 16186 16287 16388 16580 16873 # 08690 others

