# Histogram
000000 000000
000001 000000
000002 000000
000003 000000
000004 000000
000005 000000
000006 000000
000007 000865
000008 001348
000009 183707
000010 152147
000011 346017
000012 109576
000013 055981
000014 040780
000015 025123
000016 023608
000017 020196
000018 009717
000019 006367
000020 005602
000021 003908
000022 002433
000023 001730
000024 001367
000025 000988
000026 000643
000027 000539
000028 000423
000029 000332
000030 000309
000031 000331
000032 000347
000033 000514
000034 000357
000035 000350
000036 000328
000037 000310
000038 000263
000039 000252
000040 000206
000041 000244
000042 000237
000043 000253
000044 000189
000045 000150
000046 000120
000047 000103
000048 000091
000049 000056
000050 000059
000051 000061
000052 000058
000053 000055
000054 000058
000055 000033
000056 000035
000057 000027
000058 000034
000059 000025
000060 000025
000061 000024
000062 000024
000063 000015
000064 000024
000065 000034
000066 000038
000067 000030
000068 000023
000069 000040
000070 000028
000071 000026
000072 000032
000073 000019
000074 000024
000075 000016
000076 000021
000077 000019
000078 000021
000079 000020
000080 000021
000081 000019
000082 000031
000083 000022
000084 000017
000085 000021
000086 000016
000087 000026
000088 000023
000089 000016
000090 000016
000091 000013
000092 000013
000093 000011
000094 000011
000095 000018
000096 000014
000097 000002
000098 000010
000099 000005
# Total: 000999680
# Min Latencies: 00007
# Avg Latencies: 00011
# Max Latencies: 05956
# Histogram Overflows: 00320
# Histogram Overflow at cycle number:
# Thread 0: 29543 33650 46808 49330 51521 52322 52916 60101 60915 64090 64100 64368 66532 69488 74099 74300 75305 75516 77998 80058 80068 88207 88217 89232 90870 96206 101110 101398 104989 104999 107069 107672 109903 111913 113008 113009 120314 120505 123760 125808 125901 130928 134402 144838 146501 156528 157344 157927 157937 159747 161649 166312 166313 166314 170789 175291 175301 179632 180848 181207 181451 181662 187259 193238 194012 194213 194816 196233 204202 204805 214562 218089 221807 222832 222842 228952 228962 235887 236629 238900 238910 241392 241402 251129 253852 266293 266705 279407 284527 284552 284562 287175 289647 298189 298199 302128 309142 309152 319643 320236 # 00220 others

