# Histogram
000000 000000
000001 000000
000002 000000
000003 000000
000004 000000
000005 000000
000006 000000
000007 000000
000008 000000
000009 192576
000010 651419
000011 041008
000012 069606
000013 027641
000014 006055
000015 002222
000016 001243
000017 000745
000018 000994
000019 001154
000020 000656
000021 000399
000022 000254
000023 000221
000024 000241
000025 000197
000026 000188
000027 000175
000028 000185
000029 000196
000030 000193
000031 000187
000032 000193
000033 000186
000034 000200
000035 000216
000036 000197
000037 000248
000038 000241
000039 000218
000040 000137
000041 000116
000042 000069
000043 000049
000044 000028
000045 000027
000046 000019
000047 000011
000048 000005
000049 000004
000050 000001
000051 000001
000052 000001
000053 000005
000054 000002
000055 000003
000056 000000
000057 000002
000058 000001
000059 000002
000060 000001
000061 000001
000062 000000
000063 000000
000064 000003
000065 000000
000066 000000
000067 000000
000068 000000
000069 000000
000070 000000
000071 000000
000072 000000
000073 000000
000074 000000
000075 000000
000076 000000
000077 000000
000078 000000
000079 000000
000080 000000
000081 000000
000082 000000
000083 000000
000084 000001
000085 000000
000086 000000
000087 000000
000088 000000
000089 000000
000090 000000
000091 000000
000092 000000
000093 000000
000094 000000
000095 000000
000096 000000
000097 000000
000098 000000
000099 000000
# Total: 000999943
# Min Latencies: 00009
# Avg Latencies: 00010
# Max Latencies: 04213
# Histogram Overflows: 00057
# Histogram Overflow at cycle number:
# Thread 0: 39686 39687 43009 43010 53120 53121 68015 113119 132524 159685 159686 163005 163006 163874 164780 175319 223006 233115 233116 279684 283001 283002 339880 339881 343003 403003 455080 462760 463000 463001 473111 473112 473113 519589 523893 533109 533110 550337 551844 582997 582998 616356 625342 642999 647076 653107 700118 713104 762990 762991 809884 831388 842140 893100 940097 953097 953098

