# Histogram
000000 000000
000001 000000
000002 000000
000003 000000
000004 000000
000005 000000
000006 000000
000007 000000
000008 000000
000009 201637
000010 643587
000011 038528
000012 050841
000013 042144
000014 010982
000015 002577
000016 001243
000017 000761
000018 000603
000019 000523
000020 000876
000021 001019
000022 000430
000023 000336
000024 000319
000025 000235
000026 000218
000027 000184
000028 000170
000029 000198
000030 000198
000031 000164
000032 000208
000033 000167
000034 000223
000035 000225
000036 000213
000037 000240
000038 000222
000039 000207
000040 000143
000041 000110
000042 000065
000043 000044
000044 000030
000045 000022
000046 000016
000047 000011
000048 000004
000049 000002
000050 000004
000051 000001
000052 000000
000053 000002
000054 000002
000055 000003
000056 000001
000057 000000
000058 000001
000059 000000
000060 000000
000061 000001
000062 000000
000063 000002
000064 000002
000065 000000
000066 000001
000067 000001
000068 000000
000069 000001
000070 000001
000071 000000
000072 000000
000073 000000
000074 000001
000075 000002
000076 000002
000077 000002
000078 000003
000079 000008
000080 000004
000081 000001
000082 000003
000083 000000
000084 000003
000085 000002
000086 000000
000087 000001
000088 000000
000089 000001
000090 000000
000091 000000
000092 000000
000093 000000
000094 000001
000095 000000
000096 000000
000097 000000
000098 000000
000099 000000
# Total: 000999982
# Min Latencies: 00009
# Avg Latencies: 00010
# Max Latencies: 04174
# Histogram Overflows: 00018
# Histogram Overflow at cycle number:
# Thread 0: 00645 03179 73288 133286 210355 239790 363172 373970 423173 553283 600279 673279 742605 793275 865483 913273 913276 918945

