# Histogram
000000 000000
000001 000000
000002 000000
000003 000000
000004 000000
000005 000000
000006 000000
000007 000000
000008 000000
000009 184319
000010 655984
000011 044255
000012 059978
000013 035438
000014 008225
000015 002476
000016 001246
000017 000733
000018 000859
000019 001188
000020 000645
000021 000408
000022 000263
000023 000213
000024 000230
000025 000208
000026 000215
000027 000199
000028 000195
000029 000218
000030 000207
000031 000178
000032 000184
000033 000158
000034 000181
000035 000203
000036 000209
000037 000230
000038 000236
000039 000198
000040 000143
000041 000110
000042 000067
000043 000048
000044 000029
000045 000023
000046 000011
000047 000015
000048 000004
000049 000006
000050 000002
000051 000001
000052 000001
000053 000000
000054 000004
000055 000001
000056 000001
000057 000002
000058 000000
000059 000002
000060 000002
000061 000000
000062 000001
000063 000000
000064 000000
000065 000001
000066 000000
000067 000000
000068 000000
000069 000001
000070 000000
000071 000000
000072 000000
000073 000000
000074 000000
000075 000000
000076 000000
000077 000000
000078 000000
000079 000000
000080 000000
000081 000000
000082 000000
000083 000000
000084 000000
000085 000000
000086 000000
000087 000000
000088 000000
000089 000000
000090 000000
000091 000000
000092 000000
000093 000000
000094 000000
000095 000000
000096 000000
000097 000000
000098 000000
000099 000000
# Total: 000999954
# Min Latencies: 00009
# Avg Latencies: 00010
# Max Latencies: 03570
# Histogram Overflows: 00046
# Histogram Overflow at cycle number:
# Thread 0: 23093 23882 49730 143090 143091 153201 153202 200338 263088 273202 295486 319737 319738 320198 333198 333199 383084 383085 393195 439737 439738 440193 453197 455348 503082 533908 541240 559740 623081 623082 633195 743080 743081 755368 800371 810039 860220 863080 873194 933189 933190 980189 983076 983077 993191 995379

