# Histogram
000000 000000
000001 000000
000002 000000
000003 000000
000004 000000
000005 001468
000006 000376
000007 000101
000008 000022
000009 000004
000010 407212
000011 490830
000012 090251
000013 006551
000014 000255
000015 000086
000016 000141
000017 000078
000018 000144
000019 000076
000020 000081
000021 000096
000022 000137
000023 000086
000024 000109
000025 000103
000026 000113
000027 000114
000028 000100
000029 000118
000030 000127
000031 000098
000032 000097
000033 000107
000034 000133
000035 000254
000036 000298
000037 000150
000038 000044
000039 000010
000040 000006
000041 000005
000042 000009
000043 000007
000044 000003
000045 000000
000046 000000
000047 000000
000048 000000
000049 000000
000050 000000
000051 000000
000052 000000
000053 000000
000054 000000
000055 000000
000056 000000
000057 000000
000058 000000
000059 000000
000060 000000
000061 000000
000062 000000
000063 000000
000064 000000
000065 000000
000066 000000
000067 000000
000068 000000
000069 000000
000070 000000
000071 000000
000072 000000
000073 000000
000074 000000
000075 000000
000076 000000
000077 000000
000078 000000
000079 000000
000080 000000
000081 000000
000082 000000
000083 000000
000084 000000
000085 000000
000086 000000
000087 000000
000088 000000
000089 000000
000090 000000
000091 000000
000092 000000
000093 000000
000094 000000
000095 000000
000096 000000
000097 000000
000098 000000
000099 000000
# Total: 001000000
# Min Latencies: 00005
# Avg Latencies: 00010
# Max Latencies: 00044
# Histogram Overflows: 00000
# Histogram Overflow at cycle number:
# Thread 0:

