# Histogram
000000 000000
000001 000000
000002 000000
000003 000000
000004 000000
000005 000000
000006 000000
000007 001429
000008 002467
000009 006967
000010 004449
000011 015597
000012 008078
000013 009252
000014 004222
000015 007000
000016 008673
000017 003310
000018 002144
000019 001254
000020 000985
000021 000965
000022 000768
000023 000641
000024 000541
000025 000468
000026 000442
000027 000447
000028 000408
000029 000299
000030 000315
000031 000300
000032 041781
000033 497278
000034 164880
000035 104184
000036 021560
000037 010507
000038 006638
000039 004478
000040 004405
000041 003196
000042 002902
000043 002747
000044 001563
000045 001209
000046 001368
000047 001862
000048 003192
000049 004973
000050 006172
000051 006317
000052 005606
000053 003761
000054 002655
000055 001780
000056 001264
000057 000933
000058 000633
000059 000485
000060 000308
000061 000245
000062 000262
000063 000373
000064 000433
000065 000588
000066 000574
000067 000445
000068 000453
000069 000635
000070 000587
000071 000224
000072 000131
000073 000143
000074 000121
000075 000112
000076 000125
000077 000094
000078 000116
000079 000087
000080 000107
000081 000090
000082 000103
000083 000091
000084 000122
000085 000117
000086 000123
000087 000094
000088 000102
000089 000099
000090 000108
000091 000156
000092 000207
000093 000217
000094 000253
000095 000263
000096 000181
000097 000149
000098 000121
000099 000108
# Total: 000998617
# Min Latencies: 00007
# Avg Latencies: 00033
# Max Latencies: 08234
# Histogram Overflows: 01383
# Histogram Overflow at cycle number:
# Thread 0: 01575 01836 03292 06294 06796 08081 09808 10039 14055 14868 15382 15812 17609 19376 19677 20500 23340 23902 26133 26422 27757 28383 29463 29754 30784 30795 30803 31883 31932 32765 34133 37101 37633 38356 38633 40113 40886 42133 42452 46167 46739 47974 48185 52383 53573 53574 53575 54527 54632 57157 57719 58132 58291 58484 60632 60801 61632 63250 64132 64635 65132 66121 66412 66934 67382 68320 68591 68832 69882 70770 70780 73382 73581 75468 75488 75882 76863 76873 76882 78017 79382 79663 79944 80382 81353 81354 81418 81419 82213 82223 87632 87704 88196 88206 88632 89882 89902 90675 91709 92271 # 01283 others

