# Histogram
000000 000000
000001 000000
000002 000000
000003 000000
000004 000000
000005 000000
000006 000000
000007 000000
000008 000002
000009 000002
000010 000000
000011 000000
000012 000001
000013 000000
000014 000004
000015 000037
000016 000244
000017 000862
000018 000774
000019 001342
000020 003996
000021 006355
000022 012417
000023 007216
000024 002280
000025 000563
000026 000232
000027 000174
000028 000128
000029 000122
000030 000105
000031 000107
000032 000085
000033 000090
000034 000081
000035 000082
000036 000084
000037 000096
000038 000078
000039 000086
000040 000071
000041 000063
000042 000060
000043 000069
000044 000074
000045 000075
000046 000085
000047 000093
000048 000072
000049 000070
000050 000084
000051 000102
000052 000107
000053 000123
000054 000120
000055 000097
000056 000523
000057 002021
000058 004923
000059 005696
000060 006374
000061 005879
000062 006177
000063 005624
000064 004716
000065 003797
000066 003131
000067 002612
000068 002194
000069 001714
000070 001376
000071 001139
000072 001129
000073 001323
000074 001002
000075 000903
000076 000820
000077 000751
000078 000728
000079 000572
000080 000602
000081 000580
000082 000519
000083 000469
000084 000508
000085 000453
000086 000450
000087 000383
000088 000345
000089 000341
000090 000419
000091 000436
000092 000343
000093 000353
000094 000304
000095 000310
000096 000320
000097 000469
000098 000741
000099 001018
# Total: 000113497
# Min Latencies: 00008
# Avg Latencies: 00110
# Max Latencies: 00185
# Histogram Overflows: 886503
# Histogram Overflow at cycle number:
# Thread 0: 00000 00001 00002 00003 00004 00005 00006 00007 00008 00009 00015 00017 00019 00029 00040 00046 00050 00060 00065 00068 00070 00097 00111 00151 00161 00170 00176 00181 00192 00198 00208 00228 00234 00242 00245 00249 00252 00262 00281 00282 00289 00292 00303 00314 00321 00350 00353 00359 00363 00366 00383 00384 00387 00392 00393 00408 00421 00424 00432 00441 00449 00454 00457 00484 00489 00490 00494 00501 00504 00506 00509 00514 00517 00520 00527 00550 00555 00558 00582 00585 00586 00587 00590 00595 00598 00605 00610 00615 00625 00642 00650 00654 00669 00671 00686 00690 00696 00700 00706 00716 # 886403 others

