# Histogram
000000 000000
000001 000000
000002 000000
000003 000000
000004 000000
000005 000000
000006 000000
000007 239192
000008 437934
000009 140695
000010 042494
000011 038833
000012 020703
000013 013020
000014 012875
000015 007876
000016 008255
000017 008082
000018 004829
000019 002639
000020 002144
000021 001752
000022 001566
000023 001632
000024 001738
000025 001418
000026 001062
000027 000962
000028 000979
000029 000917
000030 000740
000031 000621
000032 000588
000033 000569
000034 000419
000035 000322
000036 000344
000037 000326
000038 000363
000039 000329
000040 000259
000041 000216
000042 000182
000043 000130
000044 000130
000045 000126
000046 000115
000047 000094
000048 000085
000049 000081
000050 000064
000051 000094
000052 000077
000053 000060
000054 000074
000055 000054
000056 000042
000057 000048
000058 000055
000059 000055
000060 000064
000061 000042
000062 000054
000063 000043
000064 000040
000065 000036
000066 000048
000067 000046
000068 000049
000069 000039
000070 000043
000071 000048
000072 000038
000073 000033
000074 000030
000075 000030
000076 000029
000077 000031
000078 000034
000079 000024
000080 000022
000081 000021
000082 000029
000083 000019
000084 000030
000085 000020
000086 000028
000087 000023
000088 000020
000089 000011
000090 000016
000091 000010
000092 000013
000093 000014
000094 000018
000095 000011
000096 000010
000097 000011
000098 000011
000099 000011
# Total: 000999408
# Min Latencies: 00007
# Avg Latencies: 00009
# Max Latencies: 02136
# Histogram Overflows: 00592
# Histogram Overflow at cycle number:
# Thread 0: 00079 01163 01173 04264 04615 08920 10435 10455 19236 19246 19256 19266 21614 22250 22728 22738 23551 24635 24645 25207 25217 26090 26391 27806 28689 28699 30395 30967 30977 31258 31559 31569 32713 33004 33014 33315 34118 34128 35924 39868 46683 46693 46703 47245 47255 49252 50336 50627 51179 51721 52978 53136 56869 56889 63392 63663 63954 64506 64516 64526 65650 65660 65670 65680 73388 73679 75114 83244 83254 83690 84066 84076 84638 84648 84658 86043 86063 86334 86344 92044 92305 93168 93400 97092 101778 102360 103464 103735 103745 104197 108904 108914 110269 110540 114409 123918 129669 129679 139584 141160 # 00492 others

