# Histogram
000000 000000
000001 000000
000002 000000
000003 000000
000004 000000
000005 000000
000006 000000
000007 202276
000008 418757
000009 182442
000010 051482
000011 040867
000012 022491
000013 015308
000014 013387
000015 008749
000016 008493
000017 012245
000018 005884
000019 002229
000020 002007
000021 001882
000022 001308
000023 001363
000024 001530
000025 001026
000026 000703
000027 000491
000028 000468
000029 000483
000030 000397
000031 000293
000032 000197
000033 000201
000034 000153
000035 000133
000036 000131
000037 000111
000038 000120
000039 000089
000040 000067
000041 000053
000042 000062
000043 000042
000044 000047
000045 000050
000046 000050
000047 000044
000048 000037
000049 000036
000050 000047
000051 000050
000052 000046
000053 000045
000054 000042
000055 000058
000056 000033
000057 000044
000058 000029
000059 000035
000060 000029
000061 000029
000062 000027
000063 000041
000064 000021
000065 000022
000066 000033
000067 000032
000068 000038
000069 000026
000070 000019
000071 000029
000072 000026
000073 000023
000074 000023
000075 000023
000076 000021
000077 000021
000078 000017
000079 000011
000080 000029
000081 000020
000082 000027
000083 000017
000084 000010
000085 000011
000086 000015
000087 000011
000088 000013
000089 000013
000090 000010
000091 000011
000092 000008
000093 000007
000094 000005
000095 000013
000096 000012
000097 000007
000098 000006
000099 000006
# Total: 000999375
# Min Latencies: 00007
# Avg Latencies: 00009
# Max Latencies: 01163
# Histogram Overflows: 00625
# Histogram Overflow at cycle number:
# Thread 0: 00320 05559 05820 05830 13479 14522 15034 15496 19171 22262 29568 29819 29839 29849 32047 33482 38339 38349 38359 38911 38921 38931 39503 39523 40587 40597 40607 43738 43748 44250 44310 44551 44842 45103 49548 51185 51195 51215 54176 59085 59105 59858 60842 61615 63372 65661 78538 78548 79895 80265 80767 82373 93824 93834 93965 94406 95761 96654 96935 96945 97156 98852 98882 100267 101602 101652 106600 107132 110990 112702 116807 117640 117650 118212 118463 118473 119557 120440 121855 122126 124063 126642 128047 134711 134972 134982 135574 136979 137772 137792 138418 139117 139388 139990 141847 141857 141867 148323 148333 151315 # 00525 others

