# Histogram
000000 000000
000001 000000
000002 000000
000003 000000
000004 000000
000005 000000
000006 000000
000007 000000
000008 000000
000009 226286
000010 614636
000011 044283
000012 065220
000013 030785
000014 008036
000015 002378
000016 001204
000017 000614
000018 000775
000019 000879
000020 000446
000021 000284
000022 000222
000023 000232
000024 000207
000025 000185
000026 000216
000027 000192
000028 000169
000029 000199
000030 000174
000031 000184
000032 000175
000033 000203
000034 000200
000035 000186
000036 000209
000037 000240
000038 000237
000039 000191
000040 000146
000041 000113
000042 000079
000043 000050
000044 000030
000045 000032
000046 000015
000047 000010
000048 000007
000049 000003
000050 000002
000051 000001
000052 000002
000053 000001
000054 000000
000055 000000
000056 000002
000057 000000
000058 000001
000059 000001
000060 000000
000061 000000
000062 000000
000063 000001
000064 000001
000065 000000
000066 000000
000067 000000
000068 000002
000069 000000
000070 000001
000071 000000
000072 000001
000073 000001
000074 000001
000075 000001
000076 000000
000077 000000
000078 000000
000079 000000
000080 000000
000081 000000
000082 000000
000083 000000
000084 000000
000085 000000
000086 000000
000087 000000
000088 000000
000089 000001
000090 000000
000091 000000
000092 000000
000093 000000
000094 000001
000095 000000
000096 000000
000097 000000
000098 000000
000099 000000
# Total: 000999953
# Min Latencies: 00009
# Avg Latencies: 00010
# Max Latencies: 03093
# Histogram Overflows: 00047
# Histogram Overflow at cycle number:
# Thread 0: 02621 58025 62616 62617 62618 119464 172504 172505 279617 279743 279744 290664 352504 352505 365224 414222 459618 532004 542619 592504 592505 592506 602615 602616 602617 610981 662617 699630 722613 733858 733859 755692 772499 772500 795298 819609 842609 842610 892498 902606 902607 902608 918173 952494 952495 962605 962606

