# Histogram
000000 000000
000001 000000
000002 000000
000003 000000
000004 000000
000005 000000
000006 000000
000007 000000
000008 000000
000009 200811
000010 642037
000011 040017
000012 059472
000013 034697
000014 010777
000015 002520
000016 001254
000017 000716
000018 001110
000019 000555
000020 000435
000021 000302
000022 000231
000023 001016
000024 000460
000025 000258
000026 000222
000027 000199
000028 000186
000029 000204
000030 000188
000031 000175
000032 000186
000033 000185
000034 000208
000035 000190
000036 000208
000037 000231
000038 000199
000039 000195
000040 000145
000041 000110
000042 000075
000043 000061
000044 000037
000045 000021
000046 000018
000047 000008
000048 000006
000049 000007
000050 000002
000051 000002
000052 000002
000053 000001
000054 000002
000055 000001
000056 000001
000057 000001
000058 000000
000059 000001
000060 000000
000061 000002
000062 000001
000063 000000
000064 000000
000065 000001
000066 000001
000067 000001
000068 000000
000069 000001
000070 000000
000071 000000
000072 000001
000073 000000
000074 000000
000075 000001
000076 000000
000077 000000
000078 000000
000079 000000
000080 000000
000081 000000
000082 000001
000083 000000
000084 000001
000085 000000
000086 000000
000087 000000
000088 000000
000089 000000
000090 000000
000091 000000
000092 000000
000093 000000
000094 000000
000095 000000
000096 000000
000097 000000
000098 000000
000099 000000
# Total: 000999956
# Min Latencies: 00009
# Avg Latencies: 00010
# Max Latencies: 04394
# Histogram Overflows: 00044
# Histogram Overflow at cycle number:
# Thread 0: 00646 00647 00648 12676 12677 12678 82786 92113 132674 179799 220800 239805 250801 252673 252674 262783 262784 276431 372671 382780 492666 492667 539777 612666 612667 659810 668416 682776 682777 682778 719834 732664 732665 768084 802775 802776 802777 829383 850798 852662 852663 890821 982772 982773

