# Histogram
000000 000000
000001 000000
000002 000000
000003 000000
000004 000000
000005 009527
000006 002095
000007 000560
000008 000136
000009 000030
000010 361913
000011 526705
000012 061056
000013 034687
000014 000330
000015 000128
000016 000080
000017 000119
000018 000124
000019 000092
000020 000070
000021 000122
000022 000120
000023 000119
000024 000087
000025 000085
000026 000094
000027 000111
000028 000119
000029 000122
000030 000100
000031 000096
000032 000097
000033 000091
000034 000161
000035 000190
000036 000270
000037 000229
000038 000068
000039 000024
000040 000005
000041 000007
000042 000012
000043 000009
000044 000007
000045 000000
000046 000001
000047 000000
000048 000000
000049 000000
000050 000000
000051 000000
000052 000000
000053 000000
000054 000000
000055 000001
000056 000000
000057 000000
000058 000000
000059 000000
000060 000000
000061 000000
000062 000000
000063 000000
000064 000000
000065 000000
000066 000000
000067 000000
000068 000000
000069 000000
000070 000000
000071 000000
000072 000000
000073 000000
000074 000000
000075 000000
000076 000000
000077 000000
000078 000000
000079 000000
000080 000000
000081 000000
000082 000000
000083 000000
000084 000000
000085 000000
000086 000000
000087 000000
000088 000000
000089 000000
000090 000000
000091 000000
000092 000000
000093 000000
000094 000000
000095 000000
000096 000000
000097 000000
000098 000000
000099 000000
# Total: 000999999
# Min Latencies: 00005
# Avg Latencies: 00010
# Max Latencies: 01372
# Histogram Overflows: 00001
# Histogram Overflow at cycle number:
# Thread 0: 12421

