# Histogram
000000 000000
000001 000000
000002 000000
000003 000000
000004 000000
000005 000000
000006 000000
000007 000000
000008 000000
000009 191655
000010 647566
000011 044839
000012 065653
000013 029958
000014 008951
000015 002519
000016 001316
000017 000635
000018 000864
000019 001086
000020 000558
000021 000333
000022 000255
000023 000213
000024 000231
000025 000188
000026 000232
000027 000177
000028 000183
000029 000183
000030 000177
000031 000169
000032 000180
000033 000148
000034 000180
000035 000167
000036 000195
000037 000222
000038 000213
000039 000192
000040 000140
000041 000109
000042 000085
000043 000060
000044 000036
000045 000020
000046 000011
000047 000010
000048 000005
000049 000004
000050 000005
000051 000001
000052 000003
000053 000002
000054 000002
000055 000002
000056 000002
000057 000001
000058 000001
000059 000003
000060 000002
000061 000000
000062 000001
000063 000000
000064 000000
000065 000000
000066 000000
000067 000001
000068 000000
000069 000000
000070 000001
000071 000000
000072 000000
000073 000000
000074 000000
000075 000000
000076 000001
000077 000000
000078 000000
000079 000002
000080 000000
000081 000001
000082 000000
000083 000000
000084 000000
000085 000000
000086 000000
000087 000000
000088 000000
000089 000000
000090 000000
000091 000000
000092 000001
000093 000000
000094 000000
000095 000000
000096 000000
000097 000001
000098 000000
000099 000000
# Total: 000999951
# Min Latencies: 00009
# Avg Latencies: 00010
# Max Latencies: 03962
# Histogram Overflows: 00049
# Histogram Overflow at cycle number:
# Thread 0: 19704 92594 92595 162705 199707 222702 222703 274274 282704 342699 342700 392587 402697 462693 462694 522690 522691 540429 572577 572578 580748 580789 585717 619689 642688 642689 664263 692575 692576 739691 750895 762686 762687 799791 799792 822683 822684 822685 856897 859259 859686 872571 872572 873770 919794 919795 935210 942681 979682

