# Histogram
000000 000000
000001 000000
000002 000000
000003 000000
000004 000000
000005 000000
000006 000000
000007 230243
000008 533339
000009 073503
000010 022014
000011 041723
000012 030408
000013 008725
000014 018269
000015 009733
000016 007027
000017 005945
000018 003401
000019 002259
000020 001769
000021 001375
000022 001140
000023 001159
000024 001062
000025 000730
000026 000544
000027 000428
000028 000444
000029 000478
000030 000387
000031 000317
000032 000231
000033 000194
000034 000167
000035 000150
000036 000153
000037 000121
000038 000098
000039 000080
000040 000064
000041 000067
000042 000061
000043 000050
000044 000041
000045 000038
000046 000042
000047 000034
000048 000052
000049 000047
000050 000042
000051 000049
000052 000055
000053 000050
000054 000041
000055 000063
000056 000052
000057 000047
000058 000042
000059 000037
000060 000040
000061 000031
000062 000032
000063 000025
000064 000037
000065 000033
000066 000021
000067 000039
000068 000030
000069 000028
000070 000026
000071 000031
000072 000021
000073 000019
000074 000018
000075 000025
000076 000020
000077 000022
000078 000027
000079 000012
000080 000013
000081 000026
000082 000017
000083 000015
000084 000012
000085 000011
000086 000023
000087 000014
000088 000012
000089 000019
000090 000013
000091 000015
000092 000011
000093 000011
000094 000008
000095 000008
000096 000009
000097 000008
000098 000006
000099 000012
# Total: 000999390
# Min Latencies: 00007
# Avg Latencies: 00008
# Max Latencies: 01762
# Histogram Overflows: 00610
# Histogram Overflow at cycle number:
# Thread 0: 01143 09775 09795 11602 11652 14784 17193 24510 24761 24771 25564 25584 29298 29308 30101 30653 30663 30673 31446 31456 31466 31476 33604 33614 33624 33644 34678 34688 35227 35239 35480 36534 37548 38130 38381 38391 38642 38652 38662 41091 42466 42476 42496 42506 42516 44624 45242 45243 45417 47866 48127 48147 48388 48950 48970 50616 53035 53055 53316 54139 57682 59529 59549 62771 66545 73114 77426 77446 77456 78279 85797 86319 86359 88216 88517 89029 89039 89290 89300 89310 89320 90113 90123 90143 90163 90695 92803 92833 95272 98464 99769 99779 99789 99799 99819 100913 100923 102810 102830 103835 # 00510 others

