# Histogram
000000 000000
000001 000000
000002 000000
000003 000000
000004 000000
000005 000000
000006 000000
000007 000000
000008 000003
000009 000002
000010 000000
000011 000001
000012 000004
000013 000004
000014 000051
000015 000354
000016 001249
000017 001832
000018 001668
000019 003193
000020 003499
000021 005097
000022 008039
000023 010710
000024 005099
000025 001701
000026 000685
000027 000236
000028 000169
000029 000148
000030 000115
000031 000118
000032 000125
000033 000078
000034 000092
000035 000069
000036 000075
000037 000091
000038 000073
000039 000071
000040 000065
000041 000061
000042 000090
000043 000078
000044 000093
000045 000099
000046 000083
000047 000109
000048 000125
000049 000122
000050 000122
000051 000119
000052 000135
000053 000149
000054 000156
000055 000257
000056 024647
000057 029760
000058 027324
000059 023129
000060 015343
000061 013175
000062 011890
000063 010400
000064 008045
000065 005938
000066 004101
000067 003108
000068 002269
000069 001693
000070 001307
000071 001063
000072 001029
000073 001030
000074 000914
000075 000790
000076 000783
000077 000753
000078 000804
000079 000724
000080 000739
000081 000687
000082 000741
000083 000695
000084 000675
000085 000711
000086 000700
000087 000736
000088 000763
000089 000768
000090 000717
000091 000609
000092 000583
000093 000634
000094 000605
000095 000639
000096 000687
000097 000821
000098 001031
000099 001378
# Total: 000251452
# Min Latencies: 00008
# Avg Latencies: 00103
# Max Latencies: 00196
# Histogram Overflows: 748548
# Histogram Overflow at cycle number:
# Thread 0: 00000 00002 00004 00010 00020 00030 00031 00040 00047 00050 00060 00062 00083 00088 00095 00103 00104 00121 00141 00151 00156 00160 00161 00164 00171 00205 00212 00222 00249 00252 00257 00262 00271 00272 00277 00281 00282 00291 00292 00363 00373 00383 00390 00392 00393 00434 00455 00462 00474 00484 00493 00494 00496 00504 00543 00553 00568 00572 00575 00585 00588 00595 00604 00605 00612 00626 00664 00666 00667 00671 00676 00686 00687 00688 00696 00697 00706 00707 00715 00716 00722 00727 00747 00751 00777 00787 00799 00807 00812 00817 00827 00832 00869 00888 00908 00913 00918 00926 00927 00928 # 748448 others

