# Histogram
000000 000000
000001 000000
000002 000000
000003 000000
000004 000000
000005 000000
000006 000000
000007 000068
000008 000341
000009 003446
000010 003768
000011 002398
000012 001698
000013 000935
000014 001098
000015 001439
000016 009060
000017 008452
000018 003533
000019 001415
000020 001277
000021 005028
000022 002533
000023 000558
000024 000325
000025 000205
000026 000222
000027 000219
000028 000178
000029 000211
000030 000185
000031 000160
000032 022572
000033 235591
000034 085022
000035 048795
000036 012901
000037 008708
000038 007268
000039 003556
000040 003234
000041 001757
000042 001197
000043 001035
000044 000688
000045 000460
000046 000429
000047 000484
000048 000491
000049 000437
000050 000368
000051 000418
000052 000467
000053 000510
000054 000735
000055 001151
000056 001564
000057 001714
000058 001541
000059 001110
000060 000763
000061 000547
000062 000419
000063 000276
000064 000289
000065 000316
000066 000325
000067 000374
000068 000423
000069 000615
000070 000682
000071 000566
000072 000442
000073 000342
000074 000224
000075 000157
000076 000135
000077 000118
000078 000082
000079 000071
000080 000074
000081 000067
000082 000067
000083 000066
000084 000062
000085 000067
000086 000054
000087 000070
000088 000066
000089 000061
000090 000052
000091 000083
000092 000090
000093 000110
000094 000125
000095 000096
000096 000109
000097 000100
000098 000088
000099 000053
# Total: 000501681
# Min Latencies: 00007
# Avg Latencies: 9148902531029210112
# Max Latencies: 18446744073709551487
# Histogram Overflows: 498319
# Histogram Overflow at cycle number:
# Thread 0: 00001 00002 00003 00005 00007 00692 01114 01365 01797 01807 01837 02510 02751 02942 02952 03173 03183 03394 03404 03856 03866 04067 04077 04087 06146 06156 06407 06618 07984 07994 08195 08205 08215 08456 10003 10013 10023 10475 10485 10907 10917 10947 11168 11409 11620 12052 12082 12464 12695 12916 12926 13157 13167 13358 13368 13372 13404 13418 13790 13800 13810 15196 15598 15674 16512 16522 16763 16924 16994 17958 19053 19063 19073 19274 19284 19294 19716 19726 19736 20429 20610 20620 20630 20831 20841 21082 21745 21755 21765 22006 22468 22478 22930 22940 22950 22970 23362 23392 23824 24025 # 498219 others

