# Histogram
000000 000000
000001 000000
000002 000000
000003 000000
000004 000000
000005 000000
000006 000000
000007 158313
000008 408342
000009 093064
000010 027810
000011 016344
000012 014354
000013 008111
000014 011360
000015 010932
000016 008896
000017 009124
000018 008027
000019 005544
000020 004609
000021 004187
000022 003896
000023 004538
000024 004306
000025 003101
000026 002137
000027 001691
000028 001475
000029 001334
000030 001073
000031 000970
000032 005243
000033 078967
000034 018514
000035 013468
000036 004215
000037 002881
000038 002719
000039 001812
000040 001823
000041 001372
000042 001177
000043 001061
000044 000884
000045 000816
000046 000917
000047 000988
000048 001271
000049 001487
000050 001733
000051 002016
000052 002447
000053 002812
000054 003073
000055 002955
000056 002699
000057 002045
000058 001496
000059 001083
000060 000743
000061 000665
000062 000589
000063 000857
000064 001230
000065 001839
000066 002425
000067 002499
000068 002468
000069 002381
000070 001998
000071 001489
000072 000860
000073 000455
000074 000287
000075 000236
000076 000218
000077 000159
000078 000124
000079 000117
000080 000099
000081 000074
000082 000103
000083 000075
000084 000073
000085 000067
000086 000076
000087 000055
000088 000062
000089 000054
000090 000049
000091 000045
000092 000054
000093 000065
000094 000063
000095 000069
000096 000069
000097 000076
000098 000051
000099 000065
# Total: 000998495
# Min Latencies: 00007
# Avg Latencies: 00015
# Max Latencies: 03148
# Histogram Overflows: 01505
# Histogram Overflow at cycle number:
# Thread 0: 00039 00049 00059 04897 04997 05720 05730 05740 05750 05760 05770 06493 06503 06513 06794 06995 07005 07015 07025 07035 09946 10197 10960 11221 11231 11733 11783 12235 12245 12506 12536 13068 13078 13269 13520 13891 14102 14112 14122 14132 14142 14413 14443 14664 14674 14684 14694 14704 14985 15457 15467 15557 16039 16300 16310 16340 16360 16561 16581 16601 16832 17063 17073 17083 17093 17103 17113 17143 17354 17364 17374 17384 17394 17655 17665 17675 18227 18247 18508 18749 18759 18769 18779 18789 18799 19040 19201 19202 25271 26817 31053 31073 31344 35750 36242 36282 36563 36573 36583 37095 # 01405 others

