# Histogram
000000 000000
000001 000000
000002 000000
000003 000000
000004 000000
000005 000000
000006 000000
000007 000037
000008 000498
000009 004595
000010 004306
000011 003897
000012 002447
000013 001871
000014 006794
000015 009272
000016 007756
000017 016200
000018 008799
000019 006761
000020 008909
000021 003714
000022 002262
000023 004855
000024 002132
000025 000001
000026 000065
000027 000221
000028 001082
000029 001718
000030 001115
000031 000610
000032 000464
000033 000432
000034 000363
000035 000330
000036 001456
000037 047420
000038 155024
000039 117102
000040 064437
000041 041312
000042 024563
000043 017348
000044 012802
000045 011041
000046 008662
000047 006835
000048 004922
000049 003961
000050 003727
000051 003429
000052 002491
000053 001600
000054 001263
000055 001168
000056 001032
000057 001063
000058 001121
000059 001127
000060 001049
000061 000989
000062 000956
000063 000914
000064 000997
000065 001144
000066 001395
000067 001547
000068 001833
000069 001986
000070 002184
000071 002395
000072 002537
000073 002924
000074 003084
000075 002542
000076 002039
000077 001860
000078 001434
000079 001246
000080 001064
000081 000917
000082 000613
000083 000454
000084 000401
000085 000352
000086 000328
000087 000261
000088 000226
000089 000186
000090 000178
000091 000143
000092 000150
000093 000148
000094 000175
000095 000298
000096 000819
000097 001617
000098 002560
000099 004051
# Total: 000686408
# Min Latencies: 00007
# Avg Latencies: 00064
# Max Latencies: 03835
# Histogram Overflows: 313592
# Histogram Overflow at cycle number:
# Thread 0: 00001 00002 00003 00005 00006 00007 00008 00010 00011 00012 00013 00014 00015 00016 00017 00021 00022 00023 00024 00025 00026 00027 00028 00031 00032 00033 00034 00035 00036 00037 00038 00039 00041 00042 00043 00044 00045 00046 00047 00048 00049 00051 00052 00053 00054 00055 00056 00057 00058 00059 00062 00063 00064 00065 00066 00067 00068 00069 00074 00075 00076 00077 00078 00079 00086 00087 00088 00089 00095 00096 00097 00098 00099 00103 00104 00105 00106 00107 00108 00109 00111 00112 00113 00114 00115 00116 00117 00118 00119 00128 00129 00195 00196 00197 00198 00199 00202 00203 00204 00205 # 313492 others

