# Histogram
000000 000000
000001 000000
000002 000000
000003 000000
000004 000000
000005 000000
000006 000000
000007 001608
000008 002799
000009 004769
000010 003532
000011 003201
000012 006666
000013 004698
000014 006006
000015 008618
000016 005974
000017 011042
000018 009087
000019 004001
000020 002000
000021 002440
000022 002367
000023 001258
000024 001021
000025 000824
000026 000758
000027 000701
000028 000703
000029 000633
000030 000630
000031 000574
000032 016919
000033 429956
000034 163766
000035 140060
000036 041115
000037 023301
000038 014508
000039 009117
000040 008691
000041 005795
000042 004804
000043 003702
000044 002854
000045 002486
000046 002114
000047 001686
000048 001408
000049 001109
000050 000959
000051 000913
000052 001095
000053 001485
000054 001971
000055 002256
000056 002068
000057 001816
000058 001241
000059 000859
000060 000579
000061 000426
000062 000389
000063 000589
000064 000677
000065 000736
000066 000885
000067 001028
000068 001098
000069 001315
000070 001368
000071 000973
000072 000711
000073 000430
000074 000332
000075 000272
000076 000287
000077 000248
000078 000188
000079 000136
000080 000173
000081 000142
000082 000152
000083 000122
000084 000140
000085 000134
000086 000149
000087 000150
000088 000110
000089 000129
000090 000159
000091 000208
000092 000179
000093 000183
000094 000192
000095 000221
000096 000270
000097 000262
000098 000247
000099 000217
# Total: 000990170
# Min Latencies: 00007
# Avg Latencies: 00035
# Max Latencies: 04725
# Histogram Overflows: 09830
# Histogram Overflow at cycle number:
# Thread 0: 00004 00380 00591 00621 00892 01103 01113 01123 01133 01143 01153 01163 01625 01655 01665 01675 01685 01695 01705 02026 02267 02277 02287 02528 02538 02548 02568 02809 02819 02829 03004 03060 03070 03080 03090 03301 03381 03391 03582 03592 03612 03622 03632 03642 03672 04164 04224 04495 04736 04746 04756 04766 04776 04987 04997 05007 05017 05027 05037 05057 05268 05278 05288 05298 05308 05599 06181 06683 06693 06703 06713 06723 06733 06743 07556 07566 07576 07586 07797 07807 07817 07827 07837 08028 08038 08048 08058 08068 08359 08369 08399 08921 09684 09694 09704 09714 09724 09734 09925 09945 # 09730 others

