# Histogram
000000 000000
000001 000000
000002 000000
000003 000000
000004 000000
000005 000000
000006 000000
000007 000250
000008 001564
000009 007400
000010 006378
000011 005875
000012 003145
000013 003013
000014 002860
000015 009916
000016 005106
000017 008221
000018 014591
000019 009267
000020 002388
000021 002945
000022 005828
000023 003616
000024 001030
000025 000719
000026 000564
000027 000559
000028 000491
000029 000445
000030 000395
000031 000414
000032 007060
000033 410431
000034 186312
000035 139693
000036 041312
000037 020635
000038 020225
000039 007740
000040 006751
000041 004267
000042 002759
000043 002747
000044 001829
000045 001219
000046 001089
000047 001097
000048 001097
000049 001105
000050 001090
000051 001036
000052 001046
000053 001043
000054 000956
000055 000952
000056 001198
000057 002101
000058 003116
000059 003252
000060 002735
000061 002058
000062 001689
000063 000896
000064 000001
000065 000012
000066 000054
000067 000087
000068 000161
000069 000216
000070 000241
000071 000272
000072 000384
000073 000549
000074 000819
000075 001004
000076 001108
000077 001129
000078 001004
000079 001067
000080 001042
000081 000976
000082 000799
000083 000584
000084 000585
000085 000652
000086 000637
000087 000555
000088 000830
000089 001028
000090 000574
000091 000317
000092 000190
000093 000139
000094 000136
000095 000142
000096 000153
000097 000171
000098 000224
000099 000222
# Total: 000995580
# Min Latencies: 00007
# Avg Latencies: 00034
# Max Latencies: 06599
# Histogram Overflows: 04420
# Histogram Overflow at cycle number:
# Thread 0: 00019 00029 00471 00682 02632 02652 03265 03868 04270 04310 04501 04883 05094 05305 06119 06742 06923 06943 07021 07164 07566 07687 07787 07968 08380 08822 09174 09184 09757 09777 09807 10189 10571 10752 10973 11003 11174 11194 11797 11948 12199 12581 12621 13023 13194 13365 13596 14008 14169 14189 14199 14792 14832 14973 15174 15214 15566 15908 15948 16360 17174 17204 17586 17817 18179 18199 18400 18631 19003 19616 19857 20631 20651 20812 20852 20905 20923 21003 21194 21355 21606 21807 21998 22199 22219 23566 23616 23767 23807 23968 24008 24571 24591 25224 25375 25385 25415 25777 25817 26219 # 04320 others

