# Histogram
000000 000000
000001 000000
000002 000000
000003 000000
000004 000000
000005 000000
000006 000000
000007 000000
000008 000002
000009 000002
000010 000010
000011 000008
000012 000010
000013 000001
000014 000023
000015 000042
000016 000213
000017 000489
000018 000557
000019 001114
000020 002160
000021 003042
000022 004996
000023 007632
000024 003694
000025 001221
000026 000459
000027 000232
000028 000135
000029 000113
000030 000087
000031 000106
000032 000091
000033 000101
000034 000093
000035 000074
000036 000073
000037 000076
000038 000080
000039 000095
000040 000083
000041 000092
000042 000128
000043 000102
000044 000106
000045 000125
000046 000175
000047 003380
000048 014140
000049 015348
000050 014939
000051 017245
000052 027330
000053 025821
000054 019342
000055 015959
000056 021597
000057 040239
000058 053101
000059 055397
000060 055680
000061 048660
000062 042630
000063 035256
000064 031547
000065 030219
000066 031115
000067 030427
000068 027789
000069 024649
000070 022549
000071 020644
000072 018605
000073 018237
000074 017434
000075 016115
000076 014536
000077 013290
000078 011797
000079 010910
000080 009864
000081 009115
000082 008027
000083 006883
000084 006168
000085 007526
000086 010057
000087 008314
000088 006429
000089 006098
000090 005453
000091 005201
000092 006099
000093 005117
000094 003827
000095 003167
000096 002077
000097 001495
000098 001246
000099 001113
# Total: 000987045
# Min Latencies: 00008
# Avg Latencies: 00064
# Max Latencies: 00152
# Histogram Overflows: 12955
# Histogram Overflow at cycle number:
# Thread 0: 00029 00150 00202 00241 00251 00368 00481 00633 00686 00728 00878 00991 01070 01161 01233 01362 01536 01555 01617 01646 01747 01795 01838 02020 02028 02088 02149 02202 02283 02410 02657 02748 02839 02903 02907 02940 02949 03016 03031 03110 03182 03203 03288 03294 03384 03385 03510 03874 04072 04294 04405 04516 04645 04695 04707 04728 04737 04796 04813 04928 04948 05011 05045 05047 05116 05193 05227 05269 05308 05320 05321 05328 05341 05389 05398 05523 05595 05623 05809 05817 06094 06160 06193 06375 06466 06586 06850 06916 06949 07034 07133 07200 07252 07272 07305 07567 07596 07598 07693 07725 # 12855 others

