# Histogram
000000 000000
000001 000000
000002 000000
000003 000000
000004 000000
000005 000000
000006 000000
000007 000001
000008 000000
000009 000000
000010 000002
000011 000003
000012 000001
000013 000000
000014 000001
000015 000001
000016 000008
000017 000045
000018 000183
000019 000573
000020 001626
000021 004611
000022 010865
000023 011980
000024 002726
000025 000505
000026 000165
000027 000095
000028 000068
000029 000060
000030 000061
000031 000060
000032 000055
000033 000064
000034 000057
000035 000071
000036 000065
000037 000084
000038 000075
000039 000065
000040 000081
000041 000068
000042 000072
000043 000060
000044 000075
000045 000084
000046 000101
000047 000102
000048 000116
000049 000132
000050 000123
000051 000143
000052 000128
000053 000112
000054 000104
000055 000101
000056 000582
000057 002014
000058 002234
000059 003545
000060 004092
000061 006135
000062 007898
000063 010056
000064 008461
000065 006655
000066 004648
000067 003724
000068 003023
000069 002459
000070 001949
000071 001564
000072 001298
000073 001225
000074 000944
000075 000827
000076 000777
000077 000743
000078 000704
000079 000663
000080 000599
000081 000628
000082 000619
000083 000525
000084 000469
000085 000451
000086 000382
000087 000374
000088 000381
000089 000408
000090 000398
000091 000377
000092 000344
000093 000309
000094 000295
000095 000297
000096 000269
000097 000320
000098 000627
000099 001215
# Total: 000121285
# Min Latencies: 00007
# Avg Latencies: 00112
# Max Latencies: 00195
# Histogram Overflows: 878715
# Histogram Overflow at cycle number:
# Thread 0: 00000 00001 00002 00003 00004 00005 00006 00008 00010 00011 00012 00013 00014 00015 00019 00021 00022 00032 00044 00047 00050 00051 00060 00071 00073 00077 00086 00089 00138 00141 00151 00161 00170 00176 00178 00186 00203 00209 00232 00239 00247 00251 00252 00259 00262 00263 00271 00272 00283 00343 00344 00363 00373 00383 00404 00412 00414 00417 00424 00437 00442 00445 00469 00474 00477 00484 00494 00504 00509 00514 00525 00541 00569 00573 00585 00595 00605 00613 00615 00637 00641 00661 00666 00676 00678 00690 00693 00716 00726 00735 00736 00749 00778 00787 00799 00802 00807 00814 00817 00822 # 878615 others

