# Histogram
000000 000000
000001 000000
000002 000000
000003 000000
000004 000000
000005 000000
000006 000000
000007 000269
000008 000537
000009 028756
000010 049256
000011 112380
000012 052924
000013 029925
000014 027226
000015 028422
000016 022201
000017 016702
000018 008513
000019 004873
000020 004359
000021 002916
000022 001782
000023 001255
000024 000904
000025 000574
000026 000375
000027 000328
000028 000206
000029 000189
000030 000151
000031 000147
000032 000142
000033 000176
000034 000160
000035 000168
000036 000147
000037 000123
000038 000142
000039 000139
000040 000129
000041 000106
000042 000122
000043 000109
000044 000099
000045 000091
000046 000075
000047 000061
000048 000054
000049 000059
000050 000045
000051 000038
000052 000028
000053 000025
000054 000033
000055 000026
000056 000033
000057 000018
000058 000024
000059 000015
000060 000015
000061 000016
000062 000014
000063 000015
000064 000023
000065 000019
000066 000015
000067 000015
000068 000016
000069 000019
000070 000020
000071 000009
000072 000013
000073 000014
000074 000015
000075 000019
000076 000008
000077 000009
000078 000008
000079 000020
000080 000016
000081 000016
000082 000012
000083 000024
000084 000012
000085 000026
000086 000015
000087 000010
000088 000015
000089 000012
000090 000011
000091 000014
000092 000006
000093 000015
000094 000011
000095 000013
000096 000010
000097 000008
000098 000012
000099 000017
# Total: 000398134
# Min Latencies: 00007
# Avg Latencies: 9223372036854775808
# Max Latencies: 18446744073709551562
# Histogram Overflows: 601866
# Histogram Overflow at cycle number:
# Thread 0: 01055 03039 05023 05828 06200 06401 07007 07939 08150 08351 09055 09547 10150 11039 12729 13023 14201 15007 15377 15930 17055 19039 19146 19327 19970 21023 21387 23007 23458 24171 25055 27039 29023 30955 31007 31347 31739 33055 33146 35039 36834 37023 39007 40613 41055 43039 45023 46422 46432 47007 49055 50398 50412 51038 52501 53022 55006 55517 55677 57054 59038 59697 60300 61022 63006 63536 64873 65054 65446 67038 67587 68783 69022 69989 70210 71006 74682 74883 75038 75285 75898 76310 77022 77687 78079 79006 79707 80511 81054 81908 82099 82109 83038 83678 85022 85918 86238 86262 86521 86531 # 601766 others

