# Histogram
000000 000000
000001 000000
000002 000000
000003 000000
000004 000000
000005 000000
000006 000000
000007 012527
000008 042015
000009 009035
000010 004666
000011 007012
000012 012990
000013 003468
000014 004478
000015 005343
000016 005717
000017 004626
000018 002995
000019 001995
000020 001535
000021 001466
000022 001334
000023 001244
000024 001208
000025 001160
000026 001020
000027 000945
000028 000921
000029 000921
000030 000936
000031 000939
000032 031840
000033 410780
000034 155946
000035 110297
000036 031566
000037 015395
000038 008903
000039 005993
000040 005833
000041 004826
000042 004298
000043 003973
000044 003540
000045 003538
000046 003490
000047 003407
000048 003203
000049 002966
000050 002818
000051 003241
000052 004115
000053 005098
000054 005161
000055 004397
000056 003043
000057 001867
000058 001472
000059 001573
000060 001760
000061 001720
000062 001500
000063 001571
000064 001436
000065 001342
000066 001315
000067 001291
000068 000942
000069 000748
000070 000563
000071 000355
000072 000259
000073 000234
000074 000234
000075 000202
000076 000215
000077 000177
000078 000154
000079 000161
000080 000148
000081 000168
000082 000184
000083 000158
000084 000150
000085 000155
000086 000143
000087 000150
000088 000165
000089 000158
000090 000171
000091 000176
000092 000148
000093 000160
000094 000192
000095 000255
000096 000258
000097 000312
000098 000276
000099 000233
# Total: 000993014
# Min Latencies: 00007
# Avg Latencies: 00033
# Max Latencies: 04596
# Histogram Overflows: 06986
# Histogram Overflow at cycle number:
# Thread 0: 01263 01494 01504 01514 01524 03310 03902 04444 04725 04946 04966 04976 04986 04996 05016 05206 05207 05217 05488 05518 05538 05829 05839 06110 06120 06341 06371 06923 06943 06953 06963 07013 07274 07505 07515 07786 07806 07816 08649 08669 08679 08689 08699 08739 09020 09532 09592 09833 09843 09853 09863 09873 09893 10064 10094 10445 11639 11649 11659 12773 14489 15071 15081 15633 16727 16737 17008 17018 17269 17279 17289 17299 17510 17530 17540 17560 17821 17841 18343 18363 18955 20440 22808 22828 22838 23129 23370 23380 23671 23912 23922 23942 23962 24785 24805 25086 25688 25989 26250 26571 # 06886 others

