# Histogram
000000 000000
000001 000000
000002 000000
000003 000000
000004 000000
000005 000000
000006 000000
000007 001528
000008 003705
000009 005114
000010 004355
000011 003439
000012 009030
000013 004728
000014 010861
000015 009184
000016 008915
000017 007635
000018 005618
000019 004331
000020 001640
000021 001797
000022 001738
000023 000905
000024 000781
000025 000686
000026 000606
000027 000571
000028 000557
000029 000494
000030 000461
000031 000420
000032 008732
000033 404670
000034 182376
000035 148299
000036 051256
000037 022913
000038 013956
000039 007754
000040 008315
000041 006549
000042 005131
000043 003744
000044 002267
000045 001727
000046 001412
000047 001209
000048 001197
000049 001111
000050 001062
000051 001089
000052 001224
000053 001695
000054 002291
000055 002589
000056 002650
000057 002191
000058 001698
000059 001114
000060 000669
000061 000427
000062 000365
000063 000445
000064 000424
000065 000423
000066 000493
000067 000603
000068 000683
000069 000940
000070 001158
000071 000998
000072 000817
000073 000567
000074 000352
000075 000269
000076 000218
000077 000208
000078 000172
000079 000138
000080 000121
000081 000125
000082 000123
000083 000106
000084 000102
000085 000120
000086 000115
000087 000139
000088 000119
000089 000131
000090 000152
000091 000134
000092 000151
000093 000158
000094 000159
000095 000199
000096 000204
000097 000198
000098 000179
000099 000174
# Total: 000992598
# Min Latencies: 00007
# Avg Latencies: 00034
# Max Latencies: 16433
# Histogram Overflows: 07402
# Histogram Overflow at cycle number:
# Thread 0: 00029 00049 00059 00079 00901 01401 01901 02277 02307 02317 02401 02598 02618 02869 02901 03110 03120 03130 03140 03150 03361 03401 03901 03943 03973 04274 04401 04515 04525 04535 04545 04555 04796 04816 04826 04901 05097 05398 05401 05619 05639 05649 05659 05669 05901 05910 06121 06171 06401 06432 06901 06964 06984 06994 07004 07024 07275 07285 07295 07305 07401 07616 07901 07907 08401 08439 08459 08670 08690 08710 08720 08730 08740 08991 09031 09252 09302 09322 09563 09844 09864 09901 10035 10085 10095 10105 10316 10336 10356 10401 10647 10667 10878 10888 10898 10901 11119 11139 11159 11401 # 07302 others

