# Histogram
000000 000000
000001 000000
000002 000000
000003 000000
000004 000000
000005 000000
000006 000000
000007 000000
000008 000000
000009 213790
000010 632964
000011 037943
000012 075466
000013 023167
000014 005824
000015 002099
000016 001180
000017 000745
000018 000948
000019 000854
000020 000494
000021 000318
000022 000223
000023 000203
000024 000219
000025 000179
000026 000170
000027 000171
000028 000182
000029 000206
000030 000213
000031 000179
000032 000206
000033 000198
000034 000181
000035 000224
000036 000219
000037 000201
000038 000255
000039 000212
000040 000160
000041 000122
000042 000073
000043 000047
000044 000031
000045 000020
000046 000016
000047 000009
000048 000006
000049 000008
000050 000004
000051 000003
000052 000002
000053 000000
000054 000002
000055 000001
000056 000001
000057 000002
000058 000003
000059 000000
000060 000000
000061 000000
000062 000001
000063 000001
000064 000000
000065 000000
000066 000000
000067 000000
000068 000000
000069 000001
000070 000000
000071 000000
000072 000000
000073 000000
000074 000000
000075 000001
000076 000000
000077 000000
000078 000001
000079 000000
000080 000000
000081 000000
000082 000000
000083 000000
000084 000001
000085 000000
000086 000000
000087 000000
000088 000000
000089 000000
000090 000000
000091 000000
000092 000000
000093 000000
000094 000000
000095 000000
000096 000001
000097 000000
000098 000000
000099 000000
# Total: 000999950
# Min Latencies: 00009
# Avg Latencies: 00010
# Max Latencies: 03796
# Histogram Overflows: 00050
# Histogram Overflow at cycle number:
# Thread 0: 30513 55330 120460 158196 162607 162608 185439 235327 235328 239801 239802 285485 300436 305436 305437 355324 365434 365435 420434 458209 475323 475324 479805 531242 531243 545437 595323 595324 665433 686768 715320 716768 719820 725429 725430 731940 758221 776996 776997 785427 785428 835315 835316 845425 900429 923226 955312 955313 961311 998230

