# Histogram
000000 000000
000001 000000
000002 000000
000003 000000
000004 000000
000005 000000
000006 000000
000007 000000
000008 000000
000009 165938
000010 665430
000011 054791
000012 079146
000013 018860
000014 004635
000015 002207
000016 001288
000017 000767
000018 000888
000019 000975
000020 000474
000021 000302
000022 000240
000023 000241
000024 000208
000025 000196
000026 000200
000027 000198
000028 000188
000029 000185
000030 000184
000031 000186
000032 000180
000033 000174
000034 000191
000035 000193
000036 000207
000037 000270
000038 000259
000039 000204
000040 000164
000041 000133
000042 000087
000043 000052
000044 000025
000045 000014
000046 000012
000047 000005
000048 000006
000049 000004
000050 000001
000051 000000
000052 000002
000053 000002
000054 000001
000055 000000
000056 000002
000057 000002
000058 000002
000059 000001
000060 000001
000061 000002
000062 000000
000063 000001
000064 000001
000065 000001
000066 000002
000067 000001
000068 000000
000069 000000
000070 000001
000071 000000
000072 000000
000073 000000
000074 000000
000075 000000
000076 000000
000077 000001
000078 000000
000079 000000
000080 000000
000081 000000
000082 000000
000083 000000
000084 000000
000085 000000
000086 000000
000087 000001
000088 000000
000089 000000
000090 000000
000091 000001
000092 000001
000093 000000
000094 000000
000095 000000
000096 000000
000097 000000
000098 000000
000099 000001
# Total: 000999935
# Min Latencies: 00009
# Avg Latencies: 00010
# Max Latencies: 03854
# Histogram Overflows: 00065
# Histogram Overflow at cycle number:
# Thread 0: 04103 36359 39707 39708 45271 45272 45273 67079 95160 100870 105274 159711 159712 165269 165270 189955 220326 225270 279715 285266 294400 312832 335153 335154 358911 405262 405263 435710 435711 455679 460277 515152 515153 520191 554494 561726 573176 584702 585266 615934 635152 649213 713725 738813 742909 742910 753187 755151 755152 765261 786737 810491 825258 825259 828190 830970 865786 875147 879737 880268 906742 953848 971768 995146 995147

