# Histogram
000000 000000
000001 000000
000002 000000
000003 000000
000004 000000
000005 001636
000006 000573
000007 000157
000008 000017
000009 000006
000010 370227
000011 519458
000012 084855
000013 015483
000014 002465
000015 000946
000016 000663
000017 000497
000018 000249
000019 000152
000020 000119
000021 000141
000022 000154
000023 000142
000024 000095
000025 000095
000026 000094
000027 000120
000028 000106
000029 000124
000030 000122
000031 000106
000032 000123
000033 000102
000034 000129
000035 000214
000036 000304
000037 000173
000038 000047
000039 000029
000040 000011
000041 000010
000042 000010
000043 000010
000044 000004
000045 000003
000046 000001
000047 000002
000048 000002
000049 000002
000050 000002
000051 000000
000052 000000
000053 000000
000054 000000
000055 000001
000056 000002
000057 000001
000058 000001
000059 000000
000060 000001
000061 000002
000062 000001
000063 000003
000064 000001
000065 000001
000066 000001
000067 000000
000068 000000
000069 000000
000070 000002
000071 000000
000072 000000
000073 000000
000074 000000
000075 000001
000076 000000
000077 000000
000078 000000
000079 000000
000080 000000
000081 000000
000082 000000
000083 000000
000084 000000
000085 000001
000086 000000
000087 000000
000088 000000
000089 000000
000090 000000
000091 000000
000092 000000
000093 000000
000094 000000
000095 000000
000096 000000
000097 000000
000098 000000
000099 000000
# Total: 000999999
# Min Latencies: 00005
# Avg Latencies: 00010
# Max Latencies: 00738
# Histogram Overflows: 00001
# Histogram Overflow at cycle number:
# Thread 0: 00201

