# Histogram
000000 000000
000001 000000
000002 000000
000003 000000
000004 000000
000005 000000
000006 000000
000007 000000
000008 000000
000009 154952
000010 677983
000011 052243
000012 073969
000013 023583
000014 005845
000015 002323
000016 001318
000017 000733
000018 000994
000019 000990
000020 000545
000021 000354
000022 000250
000023 000177
000024 000235
000025 000214
000026 000195
000027 000188
000028 000179
000029 000193
000030 000186
000031 000178
000032 000187
000033 000188
000034 000179
000035 000212
000036 000242
000037 000244
000038 000257
000039 000193
000040 000146
000041 000098
000042 000065
000043 000042
000044 000024
000045 000017
000046 000020
000047 000001
000048 000004
000049 000005
000050 000002
000051 000002
000052 000002
000053 000001
000054 000000
000055 000001
000056 000000
000057 000001
000058 000001
000059 000000
000060 000001
000061 000001
000062 000000
000063 000001
000064 000000
000065 000001
000066 000000
000067 000001
000068 000000
000069 000000
000070 000000
000071 000000
000072 000000
000073 000001
000074 000000
000075 000000
000076 000000
000077 000001
000078 000000
000079 000000
000080 000000
000081 000000
000082 000000
000083 000000
000084 000000
000085 000000
000086 000000
000087 000000
000088 000000
000089 000000
000090 000000
000091 000000
000092 000000
000093 000001
000094 000001
000095 000000
000096 000000
000097 000000
000098 000000
000099 000000
# Total: 000999970
# Min Latencies: 00009
# Avg Latencies: 00010
# Max Latencies: 03910
# Histogram Overflows: 00030
# Histogram Overflow at cycle number:
# Thread 0: 22679 22680 106717 118167 163170 199758 199759 200354 255241 325351 380350 385347 385348 436734 448182 500402 568190 575633 615235 616745 620345 625348 698512 698513 745344 745345 799768 799769 800344 821390

