# Histogram
000000 000000
000001 000000
000002 000000
000003 000000
000004 000000
000005 001407
000006 000676
000007 000155
000008 000057
000009 000005
000010 356372
000011 541241
000012 038848
000013 057582
000014 000521
000015 000135
000016 000114
000017 000139
000018 000140
000019 000112
000020 000044
000021 000126
000022 000139
000023 000119
000024 000088
000025 000097
000026 000092
000027 000110
000028 000102
000029 000096
000030 000110
000031 000096
000032 000108
000033 000075
000034 000099
000035 000146
000036 000237
000037 000283
000038 000200
000039 000083
000040 000014
000041 000007
000042 000004
000043 000005
000044 000004
000045 000010
000046 000000
000047 000000
000048 000000
000049 000000
000050 000001
000051 000000
000052 000000
000053 000000
000054 000000
000055 000000
000056 000000
000057 000000
000058 000000
000059 000000
000060 000001
000061 000000
000062 000000
000063 000000
000064 000000
000065 000000
000066 000000
000067 000000
000068 000000
000069 000000
000070 000000
000071 000000
000072 000000
000073 000000
000074 000000
000075 000000
000076 000000
000077 000000
000078 000000
000079 000000
000080 000000
000081 000000
000082 000000
000083 000000
000084 000000
000085 000000
000086 000000
000087 000000
000088 000000
000089 000000
000090 000000
000091 000000
000092 000000
000093 000000
000094 000000
000095 000000
000096 000000
000097 000000
000098 000000
000099 000000
# Total: 001000000
# Min Latencies: 00005
# Avg Latencies: 00010
# Max Latencies: 00060
# Histogram Overflows: 00000
# Histogram Overflow at cycle number:
# Thread 0:

