# Histogram
000000 000000
000001 000000
000002 000000
000003 000000
000004 000000
000005 000000
000006 000000
000007 000000
000008 000000
000009 241185
000010 594815
000011 044444
000012 037753
000013 048915
000014 016699
000015 005122
000016 001612
000017 000950
000018 001005
000019 001038
000020 000663
000021 000465
000022 000320
000023 000326
000024 000270
000025 000270
000026 000264
000027 000204
000028 000203
000029 000197
000030 000203
000031 000182
000032 000197
000033 000189
000034 000202
000035 000230
000036 000215
000037 000251
000038 000256
000039 000202
000040 000167
000041 000129
000042 000108
000043 000083
000044 000057
000045 000049
000046 000035
000047 000023
000048 000025
000049 000026
000050 000031
000051 000020
000052 000023
000053 000021
000054 000028
000055 000022
000056 000028
000057 000024
000058 000023
000059 000022
000060 000015
000061 000008
000062 000012
000063 000007
000064 000006
000065 000009
000066 000001
000067 000003
000068 000003
000069 000003
000070 000002
000071 000001
000072 000001
000073 000002
000074 000001
000075 000002
000076 000001
000077 000002
000078 000003
000079 000000
000080 000001
000081 000002
000082 000001
000083 000003
000084 000001
000085 000000
000086 000000
000087 000000
000088 000000
000089 000000
000090 000001
000091 000001
000092 000000
000093 000000
000094 000000
000095 000000
000096 000001
000097 000000
000098 000002
000099 000002
# Total: 000999888
# Min Latencies: 00009
# Avg Latencies: 00010
# Max Latencies: 04518
# Histogram Overflows: 00112
# Histogram Overflow at cycle number:
# Thread 0: 00428 03557 05707 33395 60573 63461 65650 89694 90320 97260 97906 97990 104954 105028 119125 119805 121092 121093 123937 129474 131739 133251 133421 133422 133427 134189 137348 137349 139456 139457 139458 143770 145101 145590 146218 148745 149565 149566 150395 153215 154812 158116 159851 160467 160468 162815 163634 163636 167628 173118 173119 173670 173965 173966 175316 175318 177771 177772 177773 190015 193491 193492 195553 196535 200970 259450 259451 300571 314694 344170 379451 420560 449561 449562 499450 509563 569558 569559 589927 619447 619448 629557 629558 660610 689556 701940 701941 702121 702122 702123 702163 702164 702165 702266 702267 702268 702276 702277 712798 739438 # 00012 others

