# Histogram
000000 000000
000001 000000
000002 000000
000003 000000
000004 000000
000005 000000
000006 000000
000007 000000
000008 000000
000009 193317
000010 624099
000011 056048
000012 024204
000013 066290
000014 017530
000015 004808
000016 002229
000017 001260
000018 001401
000019 001367
000020 000811
000021 000590
000022 000451
000023 000404
000024 000349
000025 000312
000026 000233
000027 000227
000028 000203
000029 000209
000030 000189
000031 000223
000032 000194
000033 000190
000034 000200
000035 000200
000036 000207
000037 000242
000038 000240
000039 000202
000040 000226
000041 000179
000042 000169
000043 000171
000044 000115
000045 000063
000046 000047
000047 000040
000048 000048
000049 000033
000050 000029
000051 000032
000052 000033
000053 000031
000054 000032
000055 000029
000056 000022
000057 000031
000058 000023
000059 000021
000060 000015
000061 000021
000062 000019
000063 000009
000064 000012
000065 000003
000066 000008
000067 000004
000068 000002
000069 000001
000070 000001
000071 000000
000072 000003
000073 000001
000074 000001
000075 000000
000076 000002
000077 000000
000078 000001
000079 000003
000080 000003
000081 000001
000082 000000
000083 000000
000084 000001
000085 000000
000086 000000
000087 000001
000088 000001
000089 000000
000090 000000
000091 000000
000092 000001
000093 000000
000094 000001
000095 000000
000096 000000
000097 000000
000098 000000
000099 000000
# Total: 000999918
# Min Latencies: 00009
# Avg Latencies: 00010
# Max Latencies: 03872
# Histogram Overflows: 00082
# Histogram Overflow at cycle number:
# Thread 0: 00313 02873 09384 09385 12087 22412 69383 69384 72174 104244 104245 119270 119271 125749 129380 133401 189378 189379 196401 201009 202378 236023 236024 248624 248625 279731 279732 310064 310065 322381 333105 350000 359266 369374 380716 411436 429371 429372 433413 442387 489369 518951 519729 519730 539257 539258 549367 549668 587556 609363 609364 611106 617249 617250 622390 628417 659251 659252 689664 689665 718625 722209 729360 729361 729362 749343 789358 789359 789650 801565 810781 818973 901763 901764 902941 909356 924441 924442 933657 959243 959244 980761

