# Histogram
000000 000000
000001 000000
000002 000000
000003 000000
000004 000000
000005 000000
000006 000000
000007 000000
000008 000000
000009 238719
000010 571796
000011 067572
000012 025379
000013 049621
000014 027232
000015 007461
000016 001643
000017 000981
000018 000740
000019 000786
000020 001108
000021 000850
000022 000472
000023 000408
000024 000363
000025 000290
000026 000241
000027 000205
000028 000216
000029 000180
000030 000212
000031 000225
000032 000227
000033 000240
000034 000208
000035 000234
000036 000269
000037 000248
000038 000245
000039 000227
000040 000198
000041 000145
000042 000149
000043 000098
000044 000069
000045 000058
000046 000051
000047 000055
000048 000045
000049 000041
000050 000046
000051 000024
000052 000040
000053 000035
000054 000034
000055 000026
000056 000032
000057 000035
000058 000033
000059 000026
000060 000021
000061 000014
000062 000021
000063 000004
000064 000006
000065 000005
000066 000002
000067 000004
000068 000000
000069 000002
000070 000003
000071 000002
000072 000002
000073 000000
000074 000003
000075 000002
000076 000005
000077 000001
000078 000001
000079 000001
000080 000004
000081 000003
000082 000002
000083 000003
000084 000000
000085 000001
000086 000000
000087 000000
000088 000000
000089 000002
000090 000000
000091 000000
000092 000000
000093 000000
000094 000001
000095 000000
000096 000000
000097 000000
000098 000000
000099 000000
# Total: 000999953
# Min Latencies: 00009
# Avg Latencies: 00010
# Max Latencies: 03276
# Histogram Overflows: 00047
# Histogram Overflow at cycle number:
# Thread 0: 08416 81354 97525 97526 97527 97766 99355 99356 109465 109466 173426 199742 199743 199744 200248 289467 319666 339352 339353 349668 409462 449988 459349 459350 482466 484674 559774 559775 572868 579349 589464 662514 692887 692888 693396 695749 725444 769459 769460 819348 842459 886722 903809 919787 919788 939346 941504

