# Histogram
000000 000000
000001 000000
000002 000000
000003 000000
000004 000000
000005 000000
000006 000000
000007 000000
000008 000000
000009 244809
000010 601322
000011 038915
000012 072008
000013 024228
000014 007140
000015 002364
000016 001309
000017 000633
000018 000834
000019 000875
000020 000592
000021 000473
000022 000387
000023 000369
000024 000288
000025 000252
000026 000200
000027 000208
000028 000190
000029 000203
000030 000168
000031 000170
000032 000166
000033 000186
000034 000181
000035 000197
000036 000211
000037 000222
000038 000221
000039 000170
000040 000140
000041 000102
000042 000063
000043 000042
000044 000049
000045 000018
000046 000011
000047 000007
000048 000006
000049 000004
000050 000002
000051 000002
000052 000000
000053 000002
000054 000001
000055 000000
000056 000000
000057 000001
000058 000003
000059 000001
000060 000000
000061 000001
000062 000002
000063 000000
000064 000000
000065 000000
000066 000002
000067 000001
000068 000000
000069 000000
000070 000000
000071 000000
000072 000000
000073 000000
000074 000000
000075 000001
000076 000000
000077 000000
000078 000001
000079 000001
000080 000000
000081 000000
000082 000000
000083 000001
000084 000000
000085 000000
000086 000000
000087 000000
000088 000001
000089 000000
000090 000000
000091 000000
000092 000000
000093 000000
000094 000000
000095 000000
000096 000000
000097 000000
000098 000001
000099 000001
# Total: 000999958
# Min Latencies: 00009
# Avg Latencies: 00010
# Max Latencies: 03682
# Histogram Overflows: 00042
# Histogram Overflow at cycle number:
# Thread 0: 12693 14356 14357 45797 45798 46245 55911 115907 119780 137235 175905 179907 235903 239785 239786 260110 295900 295901 345788 345789 359786 359787 382987 382988 419941 465788 465789 468074 475902 585788 628747 690185 690186 705787 813066 885786 955896 955897 955898 959796 997383 997384

