# Histogram
000000 000000
000001 000000
000002 000000
000003 000000
000004 000000
000005 000000
000006 000000
000007 000000
000008 000000
000009 195119
000010 645396
000011 044311
000012 054666
000013 038645
000014 010016
000015 002743
000016 001317
000017 000677
000018 000793
000019 001118
000020 000553
000021 000366
000022 000254
000023 000228
000024 000243
000025 000220
000026 000229
000027 000199
000028 000174
000029 000202
000030 000170
000031 000197
000032 000172
000033 000164
000034 000176
000035 000192
000036 000220
000037 000242
000038 000226
000039 000188
000040 000152
000041 000128
000042 000090
000043 000053
000044 000035
000045 000026
000046 000015
000047 000013
000048 000005
000049 000002
000050 000005
000051 000002
000052 000000
000053 000000
000054 000003
000055 000000
000056 000000
000057 000001
000058 000000
000059 000001
000060 000000
000061 000000
000062 000001
000063 000000
000064 000002
000065 000001
000066 000000
000067 000000
000068 000000
000069 000000
000070 000000
000071 000000
000072 000000
000073 000000
000074 000000
000075 000000
000076 000000
000077 000000
000078 000000
000079 000001
000080 000000
000081 000000
000082 000000
000083 000001
000084 000002
000085 000000
000086 000001
000087 000000
000088 000000
000089 000001
000090 000000
000091 000001
000092 000000
000093 000000
000094 000000
000095 000000
000096 000000
000097 000000
000098 000000
000099 000001
# Total: 000999959
# Min Latencies: 00009
# Avg Latencies: 00010
# Max Latencies: 04531
# Histogram Overflows: 00041
# Histogram Overflow at cycle number:
# Thread 0: 10474 35738 37659 39753 41704 85625 85626 95736 95737 101218 155734 157663 159697 164579 204003 205620 300771 307674 339731 348900 365283 385620 385621 385622 505620 532688 577691 594658 655586 685619 720097 755729 755730 805616 805617 865618 879733 925615 925616 963294 982715

