# Histogram
000000 000000
000001 000000
000002 000000
000003 000000
000004 000000
000005 000112
000006 000057
000007 000011
000008 000007
000009 000000
000010 239717
000011 659861
000012 066269
000013 030642
000014 000379
000015 000106
000016 000093
000017 000103
000018 000128
000019 000095
000020 000058
000021 000124
000022 000116
000023 000109
000024 000079
000025 000096
000026 000095
000027 000116
000028 000104
000029 000127
000030 000118
000031 000118
000032 000101
000033 000093
000034 000121
000035 000223
000036 000346
000037 000179
000038 000048
000039 000013
000040 000007
000041 000005
000042 000012
000043 000006
000044 000005
000045 000001
000046 000000
000047 000000
000048 000000
000049 000000
000050 000000
000051 000000
000052 000000
000053 000000
000054 000000
000055 000000
000056 000000
000057 000000
000058 000000
000059 000000
000060 000000
000061 000000
000062 000000
000063 000000
000064 000000
000065 000000
000066 000000
000067 000000
000068 000000
000069 000000
000070 000000
000071 000000
000072 000000
000073 000000
000074 000000
000075 000000
000076 000000
000077 000000
000078 000000
000079 000000
000080 000000
000081 000000
000082 000000
000083 000000
000084 000000
000085 000000
000086 000000
000087 000000
000088 000000
000089 000000
000090 000000
000091 000000
000092 000000
000093 000000
000094 000000
000095 000000
000096 000000
000097 000000
000098 000000
000099 000000
# Total: 001000000
# Min Latencies: 00005
# Avg Latencies: 00010
# Max Latencies: 00045
# Histogram Overflows: 00000
# Histogram Overflow at cycle number:
# Thread 0:

