# Histogram
000000 000000
000001 000000
000002 000000
000003 000000
000004 000000
000005 000000
000006 000000
000007 000000
000008 000000
000009 086479
000010 278560
000011 020871
000012 027621
000013 013520
000014 003674
000015 001154
000016 000624
000017 000260
000018 000364
000019 000432
000020 000262
000021 000150
000022 000113
000023 000085
000024 000089
000025 000107
000026 000083
000027 000080
000028 000088
000029 000078
000030 000071
000031 000087
000032 000065
000033 000071
000034 000067
000035 000085
000036 000093
000037 000100
000038 000101
000039 000099
000040 000077
000041 000058
000042 000035
000043 000026
000044 000025
000045 000009
000046 000007
000047 000006
000048 000003
000049 000000
000050 000000
000051 000000
000052 000000
000053 000001
000054 000001
000055 000000
000056 000000
000057 000001
000058 000000
000059 000000
000060 000000
000061 000000
000062 000000
000063 000000
000064 000000
000065 000000
000066 000001
000067 000001
000068 000000
000069 000000
000070 000000
000071 000000
000072 000000
000073 000000
000074 000000
000075 000000
000076 000000
000077 000000
000078 000000
000079 000000
000080 000000
000081 000000
000082 000000
000083 000000
000084 000001
000085 000000
000086 000000
000087 000000
000088 000000
000089 000000
000090 000000
000091 000000
000092 000000
000093 000000
000094 000000
000095 000000
000096 000001
000097 000001
000098 000000
000099 000000
# Total: 000435787
# Min Latencies: 00009
# Avg Latencies: 9223372036854775808
# Max Latencies: 18446744073709551593
# Histogram Overflows: 564213
# Histogram Overflow at cycle number:
# Thread 0: 05715 05716 15824 15825 19842 65713 79732 120190 135821 139837 185708 185709 195819 195820 243064 245707 257400 302691 305705 305706 305707 319739 354169 365707 365944 375816 418678 435813 435814 435815 435816 435817 435818 435819 435820 435821 435822 435823 435824 435825 435826 435827 435828 435829 435830 435831 435832 435833 435834 435835 435836 435837 435838 435839 435840 435841 435842 435843 435844 435845 435846 435847 435848 435849 435850 435851 435852 435853 435854 435855 435856 435857 435858 435859 435860 435861 435862 435863 435864 435865 435866 435867 435868 435869 435870 435871 435872 435873 435874 435875 435876 435877 435878 435879 435880 435881 435882 435883 435884 435885 # 564113 others

