# Histogram
000000 000000
000001 000000
000002 000000
000003 000000
000004 000000
000005 000000
000006 000000
000007 000000
000008 000000
000009 181297
000010 663738
000011 040550
000012 078350
000013 019288
000014 005638
000015 002224
000016 001202
000017 000781
000018 000938
000019 001006
000020 000548
000021 000357
000022 000215
000023 000195
000024 000212
000025 000197
000026 000204
000027 000186
000028 000188
000029 000185
000030 000188
000031 000188
000032 000171
000033 000188
000034 000179
000035 000194
000036 000237
000037 000238
000038 000234
000039 000187
000040 000132
000041 000100
000042 000060
000043 000044
000044 000030
000045 000022
000046 000020
000047 000010
000048 000005
000049 000003
000050 000003
000051 000007
000052 000001
000053 000005
000054 000002
000055 000003
000056 000001
000057 000001
000058 000001
000059 000000
000060 000000
000061 000001
000062 000000
000063 000000
000064 000000
000065 000000
000066 000000
000067 000002
000068 000000
000069 000000
000070 000000
000071 000000
000072 000001
000073 000000
000074 000001
000075 000000
000076 000000
000077 000000
000078 000000
000079 000000
000080 000000
000081 000000
000082 000001
000083 000000
000084 000001
000085 000000
000086 000000
000087 000000
000088 000000
000089 000000
000090 000000
000091 000000
000092 000000
000093 000000
000094 000000
000095 000000
000096 000000
000097 000000
000098 000002
000099 000000
# Total: 000999962
# Min Latencies: 00009
# Avg Latencies: 00010
# Max Latencies: 03502
# Histogram Overflows: 00038
# Histogram Overflow at cycle number:
# Thread 0: 03886 64978 102973 102974 139985 243884 243885 287291 359790 359880 363880 363881 363882 368541 394999 414776 471609 479885 533769 533770 594488 594489 599793 599794 599898 603878 603879 695018 770023 779875 783880 840246 893766 959806 959807 959922 963126 963881

