# Histogram
000000 000000
000001 000000
000002 000000
000003 000000
000004 000000
000005 000000
000006 000000
000007 000000
000008 000000
000009 165148
000010 654994
000011 064326
000012 080672
000013 020044
000014 003578
000015 001970
000016 001164
000017 000693
000018 000967
000019 001000
000020 000508
000021 000319
000022 000271
000023 000231
000024 000239
000025 000219
000026 000163
000027 000132
000028 000139
000029 000155
000030 000150
000031 000158
000032 000178
000033 000179
000034 000200
000035 000202
000036 000246
000037 000252
000038 000260
000039 000204
000040 000145
000041 000116
000042 000063
000043 000047
000044 000027
000045 000024
000046 000013
000047 000008
000048 000010
000049 000005
000050 000002
000051 000000
000052 000001
000053 000001
000054 000001
000055 000002
000056 000000
000057 000002
000058 000001
000059 000001
000060 000002
000061 000002
000062 000001
000063 000000
000064 000002
000065 000000
000066 000001
000067 000002
000068 000000
000069 000000
000070 000000
000071 000000
000072 000000
000073 000000
000074 000000
000075 000000
000076 000001
000077 000001
000078 000000
000079 000000
000080 000000
000081 000000
000082 000000
000083 000000
000084 000000
000085 000000
000086 000000
000087 000000
000088 000002
000089 000000
000090 000000
000091 000000
000092 000000
000093 000000
000094 000000
000095 000000
000096 000000
000097 000000
000098 000000
000099 000001
# Total: 000999445
# Min Latencies: 00009
# Avg Latencies: 00010
# Max Latencies: 03270
# Histogram Overflows: 00555
# Histogram Overflow at cycle number:
# Thread 0: 00175 02159 04143 06191 08176 10159 12144 13697 14190 16174 18159 20142 22191 23811 24174 24494 24495 26158 28142 30191 32174 34158 36142 38190 40174 42158 44142 46190 48174 50158 52143 54190 56174 58158 60142 62190 64174 66158 68142 70190 72175 74158 76142 78191 80174 82158 83811 84142 86190 88174 90158 92142 94190 96174 98158 100142 102190 104174 106159 108143 110190 112174 114158 116143 118190 120174 122159 124142 126191 128174 130158 132142 134190 136174 138158 140142 142190 143806 143807 143808 144172 146156 148140 150188 152172 154156 156140 158188 160172 162157 164141 166188 168173 170157 172140 174189 176172 178156 180140 182188 # 00455 others

