# Histogram
000000 000000
000001 000000
000002 000000
000003 000000
000004 000000
000005 003318
000006 001270
000007 000315
000008 000040
000009 000023
000010 256662
000011 638656
000012 085110
000013 011399
000014 000277
000015 000083
000016 000076
000017 000105
000018 000142
000019 000081
000020 000080
000021 000154
000022 000113
000023 000113
000024 000069
000025 000081
000026 000090
000027 000109
000028 000120
000029 000127
000030 000117
000031 000122
000032 000122
000033 000100
000034 000106
000035 000183
000036 000294
000037 000205
000038 000063
000039 000024
000040 000009
000041 000006
000042 000012
000043 000009
000044 000009
000045 000001
000046 000001
000047 000000
000048 000000
000049 000000
000050 000000
000051 000000
000052 000000
000053 000000
000054 000000
000055 000000
000056 000000
000057 000001
000058 000000
000059 000000
000060 000000
000061 000000
000062 000000
000063 000000
000064 000000
000065 000000
000066 000000
000067 000000
000068 000000
000069 000000
000070 000000
000071 000000
000072 000000
000073 000000
000074 000000
000075 000000
000076 000000
000077 000000
000078 000000
000079 000002
000080 000000
000081 000000
000082 000000
000083 000000
000084 000000
000085 000000
000086 000000
000087 000000
000088 000000
000089 000000
000090 000000
000091 000000
000092 000000
000093 000000
000094 000000
000095 000000
000096 000000
000097 000000
000098 000000
000099 000000
# Total: 000999999
# Min Latencies: 00005
# Avg Latencies: 00010
# Max Latencies: 03787
# Histogram Overflows: 00001
# Histogram Overflow at cycle number:
# Thread 0: 03630

