# Histogram
000000 000000
000001 000000
000002 000000
000003 000000
000004 000000
000005 000000
000006 000000
000007 000000
000008 000000
000009 167666
000010 662332
000011 054255
000012 063498
000013 033074
000014 007191
000015 002266
000016 001250
000017 000792
000018 000724
000019 000549
000020 000702
000021 000839
000022 000453
000023 000414
000024 000345
000025 000215
000026 000210
000027 000180
000028 000188
000029 000209
000030 000204
000031 000188
000032 000197
000033 000188
000034 000193
000035 000196
000036 000208
000037 000230
000038 000232
000039 000215
000040 000156
000041 000117
000042 000080
000043 000054
000044 000036
000045 000021
000046 000019
000047 000010
000048 000005
000049 000004
000050 000000
000051 000004
000052 000002
000053 000002
000054 000002
000055 000003
000056 000002
000057 000001
000058 000001
000059 000005
000060 000002
000061 000003
000062 000002
000063 000001
000064 000003
000065 000002
000066 000001
000067 000000
000068 000000
000069 000000
000070 000000
000071 000000
000072 000000
000073 000000
000074 000000
000075 000000
000076 000000
000077 000000
000078 000002
000079 000000
000080 000000
000081 000000
000082 000000
000083 000000
000084 000000
000085 000000
000086 000001
000087 000000
000088 000000
000089 000000
000090 000001
000091 000000
000092 000000
000093 000000
000094 000000
000095 000001
000096 000000
000097 000000
000098 000000
000099 000000
# Total: 000999946
# Min Latencies: 00009
# Avg Latencies: 00010
# Max Latencies: 03433
# Histogram Overflows: 00054
# Histogram Overflow at cycle number:
# Thread 0: 39701 41775 68884 93605 136467 159690 159691 213604 213605 219714 233235 253204 297748 343714 343715 376080 393601 393602 394513 399711 459024 463711 463712 463713 519701 523709 569977 573597 573598 579726 583706 583707 639701 639702 641763 652552 683272 693593 693594 703708 763703 763704 781573 806150 819700 823704 873590 873591 878341 929029 943705 963546 993590 999714

