# Histogram
000000 000000
000001 000000
000002 000000
000003 000000
000004 000000
000005 000000
000006 000000
000007 000000
000008 000000
000009 195959
000010 641503
000011 047269
000012 065824
000013 030440
000014 007772
000015 002429
000016 001334
000017 000623
000018 000776
000019 001071
000020 000488
000021 000334
000022 000221
000023 000233
000024 000214
000025 000226
000026 000225
000027 000199
000028 000177
000029 000182
000030 000206
000031 000170
000032 000180
000033 000183
000034 000157
000035 000197
000036 000199
000037 000225
000038 000221
000039 000172
000040 000162
000041 000126
000042 000074
000043 000061
000044 000041
000045 000028
000046 000014
000047 000008
000048 000006
000049 000004
000050 000004
000051 000003
000052 000002
000053 000003
000054 000002
000055 000000
000056 000001
000057 000000
000058 000001
000059 000000
000060 000000
000061 000000
000062 000001
000063 000001
000064 000000
000065 000000
000066 000000
000067 000001
000068 000001
000069 000000
000070 000000
000071 000001
000072 000000
000073 000000
000074 000000
000075 000000
000076 000000
000077 000000
000078 000000
000079 000000
000080 000000
000081 000000
000082 000000
000083 000000
000084 000000
000085 000000
000086 000000
000087 000000
000088 000000
000089 000000
000090 000000
000091 000000
000092 000000
000093 000000
000094 000000
000095 000000
000096 000000
000097 000000
000098 000000
000099 000000
# Total: 000999954
# Min Latencies: 00009
# Avg Latencies: 00010
# Max Latencies: 03673
# Histogram Overflows: 00046
# Histogram Overflow at cycle number:
# Thread 0: 40426 40427 40666 40667 79544 163545 163546 170537 170538 220425 220426 224983 224984 259540 290539 340424 340425 350534 359921 379568 439751 439752 460421 460422 470532 470533 472848 650531 650532 700418 700419 700420 739528 770529 770530 820416 820417 820418 890527 900812 940412 940413 940414 950522 950523 956409

