# Histogram
000000 000000
000001 000000
000002 000000
000003 000000
000004 000000
000005 000000
000006 000000
000007 000000
000008 000000
000009 168106
000010 666972
000011 048289
000012 056875
000013 036528
000014 011399
000015 002683
000016 001255
000017 000692
000018 000589
000019 000486
000020 000611
000021 000793
000022 000424
000023 000373
000024 000302
000025 000210
000026 000205
000027 000184
000028 000182
000029 000186
000030 000205
000031 000149
000032 000168
000033 000181
000034 000169
000035 000202
000036 000216
000037 000239
000038 000217
000039 000220
000040 000190
000041 000138
000042 000074
000043 000068
000044 000036
000045 000026
000046 000018
000047 000007
000048 000017
000049 000003
000050 000001
000051 000003
000052 000001
000053 000003
000054 000000
000055 000003
000056 000001
000057 000002
000058 000002
000059 000001
000060 000002
000061 000003
000062 000004
000063 000001
000064 000001
000065 000002
000066 000001
000067 000000
000068 000000
000069 000001
000070 000001
000071 000000
000072 000000
000073 000000
000074 000002
000075 000001
000076 000001
000077 000002
000078 000000
000079 000000
000080 000000
000081 000000
000082 000000
000083 000000
000084 000000
000085 000001
000086 000000
000087 000001
000088 000000
000089 000000
000090 000000
000091 000000
000092 000000
000093 000000
000094 000000
000095 000000
000096 000000
000097 000000
000098 000000
000099 000000
# Total: 000999928
# Min Latencies: 00009
# Avg Latencies: 00010
# Max Latencies: 03372
# Histogram Overflows: 00072
# Histogram Overflow at cycle number:
# Thread 0: 00345 00346 68515 70455 70456 71237 120342 120343 130452 130453 130454 146499 159700 159701 181356 219458 222802 248510 250451 250452 300338 300339 339507 392257 399713 399714 420338 420339 426050 428508 490449 490450 490561 515136 540337 540338 548507 550447 550448 555069 576574 579444 600336 610445 612818 639721 639722 651834 660331 668500 670445 699443 716346 721381 730440 730441 780327 780328 780329 780854 788497 790438 813108 819444 877621 883765 900325 900326 910438 939458 945203 987837

