# Histogram
000000 000000
000001 000000
000002 000000
000003 000000
000004 000000
000005 000000
000006 000000
000007 000000
000008 001075
000009 205135
000010 565863
000011 134035
000012 065826
000013 015605
000014 004639
000015 001842
000016 000589
000017 000741
000018 000507
000019 000278
000020 000277
000021 000368
000022 000218
000023 000178
000024 000153
000025 000148
000026 000159
000027 000126
000028 000121
000029 000134
000030 000116
000031 000121
000032 000124
000033 000147
000034 000134
000035 000147
000036 000167
000037 000193
000038 000151
000039 000174
000040 000141
000041 000117
000042 000070
000043 000037
000044 000017
000045 000021
000046 000015
000047 000008
000048 000005
000049 000005
000050 000006
000051 000004
000052 000000
000053 000002
000054 000003
000055 000001
000056 000000
000057 000000
000058 000000
000059 000001
000060 000000
000061 000002
000062 000000
000063 000001
000064 000000
000065 000001
000066 000000
000067 000001
000068 000000
000069 000000
000070 000000
000071 000000
000072 000000
000073 000000
000074 000000
000075 000000
000076 000000
000077 000000
000078 000000
000079 000000
000080 000000
000081 000000
000082 000000
000083 000000
000084 000000
000085 000000
000086 000000
000087 000001
000088 000001
000089 000000
000090 000000
000091 000000
000092 000000
000093 000000
000094 000000
000095 000000
000096 000000
000097 000000
000098 000000
000099 000000
# Total: 000999951
# Min Latencies: 00008
# Avg Latencies: 00010
# Max Latencies: 03209
# Histogram Overflows: 00049
# Histogram Overflow at cycle number:
# Thread 0: 00628 02943 57719 57720 68983 90631 90632 119776 122741 153461 180596 180597 196980 199028 212942 239028 255028 261497 270628 327026 330626 330628 380515 407024 426352 426353 429937 479628 519024 570624 602936 641005 675694 680511 733549 735020 750621 759017 767850 870618 876486 906087 917862 917863 919014 930614 980501 981482 998243

