# Histogram
000000 000000
000001 000000
000002 000000
000003 000000
000004 000000
000005 000000
000006 000000
000007 001752
000008 002956
000009 007095
000010 004123
000011 011242
000012 009417
000013 006286
000014 003915
000015 007759
000016 008377
000017 002330
000018 002424
000019 001147
000020 000785
000021 001073
000022 000654
000023 000576
000024 000501
000025 000417
000026 000445
000027 000376
000028 000331
000029 000299
000030 000298
000031 000273
000032 029605
000033 489957
000034 170822
000035 112410
000036 023106
000037 013037
000038 008401
000039 005355
000040 005352
000041 003585
000042 003175
000043 002855
000044 001890
000045 001328
000046 000958
000047 000720
000048 000891
000049 001782
000050 003703
000051 006396
000052 008248
000053 006531
000054 003683
000055 002276
000056 001742
000057 001240
000058 000859
000059 000777
000060 000786
000061 000661
000062 000597
000063 000562
000064 000438
000065 000296
000066 000340
000067 000495
000068 000764
000069 001113
000070 001235
000071 000826
000072 000549
000073 000352
000074 000238
000075 000176
000076 000157
000077 000135
000078 000117
000079 000086
000080 000110
000081 000098
000082 000095
000083 000104
000084 000093
000085 000095
000086 000113
000087 000112
000088 000104
000089 000108
000090 000116
000091 000125
000092 000151
000093 000188
000094 000179
000095 000187
000096 000190
000097 000147
000098 000115
000099 000091
# Total: 000997979
# Min Latencies: 00007
# Avg Latencies: 00033
# Max Latencies: 15313
# Histogram Overflows: 02021
# Histogram Overflow at cycle number:
# Thread 0: 01514 01544 01795 02738 03485 04123 04745 05016 05046 06985 07985 08819 08829 09381 10274 10485 10525 10535 10836 11649 11950 12985 13766 14398 14699 16485 16726 17485 17559 17840 17850 18633 19135 19985 20279 20560 20881 20985 21473 23164 23450 24002 24333 24485 24985 25186 26320 26872 27985 28448 28950 28960 28985 29231 29482 30235 30394 30406 31078 31088 31235 32022 33688 33735 34735 34852 35444 37933 38134 38214 38224 38234 38235 38816 39485 39870 40485 41004 41014 41566 41676 41733 42076 42086 42733 43140 43993 45117 45438 45699 45719 45990 46000 46010 46261 46271 47455 48940 49833 50907 # 01921 others

