# Histogram
000000 000000
000001 000000
000002 000000
000003 000000
000004 000000
000005 000000
000006 000000
000007 000002
000008 000016
000009 000011
000010 000007
000011 000005
000012 000005
000013 000002
000014 000049
000015 000117
000016 000627
000017 000638
000018 000991
000019 002396
000020 003574
000021 004464
000022 007652
000023 006633
000024 002438
000025 000800
000026 000279
000027 000154
000028 000128
000029 000152
000030 000145
000031 000160
000032 000137
000033 000148
000034 000145
000035 000159
000036 000175
000037 000182
000038 000171
000039 000199
000040 000185
000041 000157
000042 000204
000043 000172
000044 001649
000045 002238
000046 001325
000047 001971
000048 002963
000049 002413
000050 002253
000051 002838
000052 003209
000053 002831
000054 002691
000055 003080
000056 043224
000057 139213
000058 140627
000059 129226
000060 094833
000061 067532
000062 051232
000063 040382
000064 029423
000065 024668
000066 016806
000067 013314
000068 010432
000069 007999
000070 007166
000071 006541
000072 006671
000073 006464
000074 006560
000075 006157
000076 006299
000077 005804
000078 005241
000079 005018
000080 004517
000081 004283
000082 003908
000083 003680
000084 003775
000085 003338
000086 003143
000087 002993
000088 002907
000089 002812
000090 002483
000091 002201
000092 001939
000093 001726
000094 001688
000095 001618
000096 001531
000097 001459
000098 001387
000099 001254
# Total: 000986414
# Min Latencies: 00007
# Avg Latencies: 00061
# Max Latencies: 00268
# Histogram Overflows: 13586
# Histogram Overflow at cycle number:
# Thread 0: 00150 00584 00594 00806 01149 01200 01260 01351 01371 02047 02310 02481 02491 04540 04708 04716 04963 05296 05417 05740 05871 06255 06335 06533 06597 06618 06729 07022 07142 07183 07284 07786 07796 07996 08001 08213 08223 08314 08452 08516 08589 08597 08698 08815 08819 08851 08892 08916 08948 09180 09201 09253 09296 09310 09374 09438 09556 09647 09705 09713 09806 09879 10109 10114 10171 10434 10514 10525 10727 11009 11098 11101 11117 11211 11216 11325 11544 11815 11868 11921 12807 12839 12933 13019 13045 13140 13153 13186 13351 13352 13495 13629 13748 13760 13867 13938 14038 14148 14195 14242 # 13486 others

