# Histogram
000000 000000
000001 000000
000002 000000
000003 000000
000004 000000
000005 000000
000006 000000
000007 160907
000008 477762
000009 168864
000010 049456
000011 053859
000012 020493
000013 012979
000014 014043
000015 011702
000016 006564
000017 006174
000018 003127
000019 001951
000020 001658
000021 000981
000022 000826
000023 000870
000024 000767
000025 000516
000026 000378
000027 000418
000028 000393
000029 000378
000030 000334
000031 000225
000032 000197
000033 000240
000034 000192
000035 000216
000036 000198
000037 000169
000038 000132
000039 000123
000040 000116
000041 000076
000042 000063
000043 000059
000044 000052
000045 000061
000046 000049
000047 000047
000048 000053
000049 000063
000050 000068
000051 000072
000052 000051
000053 000069
000054 000057
000055 000060
000056 000046
000057 000045
000058 000051
000059 000042
000060 000038
000061 000043
000062 000037
000063 000048
000064 000048
000065 000035
000066 000047
000067 000032
000068 000061
000069 000047
000070 000045
000071 000049
000072 000026
000073 000035
000074 000031
000075 000028
000076 000032
000077 000022
000078 000029
000079 000027
000080 000031
000081 000029
000082 000022
000083 000032
000084 000020
000085 000026
000086 000024
000087 000014
000088 000014
000089 000023
000090 000020
000091 000013
000092 000016
000093 000016
000094 000011
000095 000021
000096 000011
000097 000009
000098 000014
000099 000016
# Total: 000999434
# Min Latencies: 00007
# Avg Latencies: 00009
# Max Latencies: 02268
# Histogram Overflows: 00566
# Histogram Overflow at cycle number:
# Thread 0: 01967 02208 03634 06041 10149 10661 11434 11956 11966 13783 14787 15048 16082 16574 16575 21302 22266 22286 23019 23963 24696 32436 32657 32928 33701 38821 39062 39082 39323 49302 49804 51380 51390 64511 64521 65545 65816 66057 67042 67281 67301 67327 68275 68536 69570 70363 72933 73204 73465 73475 73987 73997 75784 75794 76868 77129 78454 78464 79528 79548 80020 81044 81054 82359 83142 83162 86294 86535 86545 86806 87067 87328 89446 89707 94465 95740 96513 97015 97286 97296 99024 99025 99026 100246 100261 103849 104341 104602 106008 106028 114391 114853 115114 116158 116951 117724 117734 117985 118768 119250 # 00466 others

