# Histogram
000000 000000
000001 000000
000002 000000
000003 000000
000004 000000
000005 000000
000006 000000
000007 000236
000008 000841
000009 008736
000010 005722
000011 003260
000012 001877
000013 007533
000014 005399
000015 011640
000016 008709
000017 002557
000018 003271
000019 001155
000020 001004
000021 001534
000022 000651
000023 000520
000024 000499
000025 000462
000026 000446
000027 000439
000028 000418
000029 000375
000030 000311
000031 000384
000032 038907
000033 516337
000034 177453
000035 077025
000036 018227
000037 008904
000038 007812
000039 004626
000040 004218
000041 002554
000042 002873
000043 002844
000044 002209
000045 002189
000046 001967
000047 001322
000048 000866
000049 001275
000050 004193
000051 009071
000052 009189
000053 006746
000054 004419
000055 002764
000056 001957
000057 001572
000058 001290
000059 001241
000060 001035
000061 000899
000062 000680
000063 000464
000064 000295
000065 000247
000066 000284
000067 000501
000068 000830
000069 001453
000070 002062
000071 001558
000072 000856
000073 000468
000074 000330
000075 000287
000076 000245
000077 000193
000078 000155
000079 000130
000080 000120
000081 000123
000082 000135
000083 000114
000084 000120
000085 000109
000086 000107
000087 000112
000088 000101
000089 000089
000090 000000
000091 000014
000092 000150
000093 000241
000094 000245
000095 000229
000096 000230
000097 000185
000098 000150
000099 000125
# Total: 000997700
# Min Latencies: 00007
# Avg Latencies: 00034
# Max Latencies: 02116
# Histogram Overflows: 02300
# Histogram Overflow at cycle number:
# Thread 0: 00000 00001 00002 00003 00004 00005 00007 00008 00665 00666 00667 00668 00760 01383 01393 01403 02578 02588 02987 03291 03552 03987 04014 04938 05410 07487 07730 08487 08714 10210 11317 12379 12801 12811 12987 13062 13303 13775 14739 15472 16145 16627 17119 18555 19037 19237 19760 20242 20704 20714 21437 21447 21467 22170 22893 23606 23827 24068 24735 24761 25002 25474 25715 25946 26197 27171 29099 29601 30806 32005 32041 33487 33989 34220 35395 35555 35556 35616 36329 36811 38237 38247 39191 39452 39834 39904 40607 41581 42555 43037 43509 43750 43991 44487 44493 44945 45166 45196 45909 47315 # 02200 others

