# Histogram
000000 000000
000001 000000
000002 000000
000003 000000
000004 000000
000005 000000
000006 000000
000007 000271
000008 000911
000009 008349
000010 005328
000011 003321
000012 002128
000013 006306
000014 018185
000015 007684
000016 009326
000017 008460
000018 006759
000019 001948
000020 002283
000021 002425
000022 001099
000023 000827
000024 000606
000025 000524
000026 000532
000027 000489
000028 000449
000029 000412
000030 000343
000031 000368
000032 034700
000033 475923
000034 186905
000035 096421
000036 023715
000037 012492
000038 011177
000039 005392
000040 005031
000041 003031
000042 002333
000043 002507
000044 001740
000045 001256
000046 001096
000047 001210
000048 001240
000049 001239
000050 001200
000051 001181
000052 001419
000053 002309
000054 003153
000055 003964
000056 004281
000057 003852
000058 002856
000059 001914
000060 001342
000061 001020
000062 000828
000063 000691
000064 000545
000065 000397
000066 000337
000067 000514
000068 000676
000069 001126
000070 001199
000071 000771
000072 000492
000073 000304
000074 000241
000075 000209
000076 000182
000077 000183
000078 000142
000079 000143
000080 000125
000081 000119
000082 000106
000083 000125
000084 000115
000085 000101
000086 000101
000087 000092
000088 000113
000089 000131
000090 000112
000091 000125
000092 000137
000093 000138
000094 000177
000095 000205
000096 000228
000097 000196
000098 000195
000099 000168
# Total: 000997021
# Min Latencies: 00007
# Avg Latencies: 00033
# Max Latencies: 04206
# Histogram Overflows: 02979
# Histogram Overflow at cycle number:
# Thread 0: 00006 00722 01455 01686 01917 02188 02379 03443 04116 04136 04397 04859 05341 05833 06315 06807 07520 07530 07540 07550 07570 07771 08223 08243 08253 08484 09217 09468 09970 10171 10191 10231 10924 10934 11175 11677 11878 11888 12862 14107 15854 16095 16838 18063 18073 18314 18555 18816 19549 19559 19569 20061 20081 20261 20563 20662 20804 21035 21266 21517 21662 21748 22260 22491 22511 22973 23204 23234 24162 24720 25222 25232 25493 25955 26688 26929 29399 29911 30624 30855 30885 31558 31568 31578 31789 31799 31809 32020 32040 32281 32502 32512 32723 32733 32743 33083 33155 33175 33205 33647 # 02879 others

