# Histogram
000000 000000
000001 000000
000002 000000
000003 000000
000004 000000
000005 000000
000006 000000
000007 113921
000008 519555
000009 165437
000010 042890
000011 032644
000012 025850
000013 011702
000014 014652
000015 017496
000016 008050
000017 011696
000018 009023
000019 003615
000020 002990
000021 002246
000022 001723
000023 001928
000024 001945
000025 001258
000026 000810
000027 000540
000028 000499
000029 000431
000030 000407
000031 000374
000032 000335
000033 000435
000034 000333
000035 000360
000036 000337
000037 000348
000038 000249
000039 000212
000040 000194
000041 000177
000042 000146
000043 000144
000044 000138
000045 000126
000046 000106
000047 000118
000048 000102
000049 000100
000050 000112
000051 000098
000052 000097
000053 000101
000054 000110
000055 000100
000056 000110
000057 000114
000058 000095
000059 000093
000060 000097
000061 000085
000062 000101
000063 000085
000064 000081
000065 000083
000066 000061
000067 000073
000068 000095
000069 000076
000070 000076
000071 000074
000072 000068
000073 000072
000074 000066
000075 000070
000076 000070
000077 000057
000078 000059
000079 000059
000080 000059
000081 000056
000082 000067
000083 000057
000084 000046
000085 000067
000086 000060
000087 000048
000088 000051
000089 000054
000090 000033
000091 000048
000092 000047
000093 000041
000094 000036
000095 000044
000096 000042
000097 000038
000098 000037
000099 000034
# Total: 000999145
# Min Latencies: 00007
# Avg Latencies: 00009
# Max Latencies: 02830
# Histogram Overflows: 00855
# Histogram Overflow at cycle number:
# Thread 0: 00039 00049 02459 05181 06014 06255 06476 09579 09589 11859 12080 13295 13526 13546 13767 14992 16870 16880 16890 17573 18507 18527 18999 21841 22072 23247 31251 31261 31271 35378 35870 35920 36503 38652 40550 40781 42207 42217 44537 47098 47570 47580 48534 48725 48745 49217 49883 52280 54158 55644 56819 57281 58215 59842 60585 60846 61067 61077 62935 62945 66646 69995 70718 72616 72626 72837 72847 73329 73560 73781 73791 73821 74474 76121 79174 83964 84637 84878 84888 87027 87268 88985 89899 97270 97511 100413 101387 101397 102331 102542 103004 103024 103255 106896 110486 111631 111641 111651 111661 113338 # 00755 others

