# Histogram
000000 000000
000001 000000
000002 000000
000003 000000
000004 000000
000005 000000
000006 000000
000007 000000
000008 000000
000009 000000
000010 000000
000011 000000
000012 000000
000013 000006
000014 000041
000015 000133
000016 000539
000017 000722
000018 000925
000019 002581
000020 002945
000021 005672
000022 011115
000023 014250
000024 005670
000025 001667
000026 000561
000027 000179
000028 000100
000029 000088
000030 000075
000031 000075
000032 000071
000033 000067
000034 000075
000035 000068
000036 000072
000037 000066
000038 000088
000039 000064
000040 000079
000041 000072
000042 000083
000043 000090
000044 000093
000045 000101
000046 000099
000047 000110
000048 000138
000049 000142
000050 000135
000051 000165
000052 000152
000053 000175
000054 000197
000055 000196
000056 000960
000057 002309
000058 003612
000059 005879
000060 005124
000061 005883
000062 005357
000063 004547
000064 003885
000065 002939
000066 002361
000067 001975
000068 001379
000069 001242
000070 001026
000071 000852
000072 000774
000073 000730
000074 000633
000075 000623
000076 000564
000077 000575
000078 000554
000079 000539
000080 000545
000081 000527
000082 000475
000083 000476
000084 000456
000085 000423
000086 000434
000087 000352
000088 000345
000089 000332
000090 000338
000091 000321
000092 000317
000093 000293
000094 000286
000095 000279
000096 000280
000097 000387
000098 000589
000099 000931
# Total: 000112650
# Min Latencies: 00013
# Avg Latencies: 00112
# Max Latencies: 00194
# Histogram Overflows: 887350
# Histogram Overflow at cycle number:
# Thread 0: 00000 00001 00002 00003 00004 00010 00030 00037 00040 00041 00050 00060 00085 00097 00101 00121 00123 00134 00141 00143 00147 00151 00161 00162 00166 00171 00181 00182 00183 00184 00185 00186 00187 00188 00189 00190 00191 00192 00193 00194 00195 00196 00197 00198 00199 00200 00202 00203 00204 00205 00206 00209 00210 00212 00213 00214 00215 00216 00217 00218 00219 00220 00222 00223 00224 00225 00226 00227 00228 00229 00230 00232 00233 00234 00235 00236 00237 00238 00239 00240 00242 00243 00244 00245 00246 00247 00248 00249 00250 00252 00253 00254 00255 00256 00257 00258 00259 00260 00262 00263 # 887250 others

