# Histogram
000000 000000
000001 000000
000002 000000
000003 000000
000004 000000
000005 000000
000006 000000
000007 127249
000008 465672
000009 188060
000010 052779
000011 040051
000012 024907
000013 012297
000014 017190
000015 015077
000016 007807
000017 014128
000018 007831
000019 003317
000020 003980
000021 002668
000022 001734
000023 001954
000024 001948
000025 001224
000026 000736
000027 000461
000028 000404
000029 000416
000030 000398
000031 000286
000032 000305
000033 000282
000034 000249
000035 000254
000036 000342
000037 000245
000038 000253
000039 000198
000040 000172
000041 000130
000042 000099
000043 000108
000044 000115
000045 000105
000046 000077
000047 000094
000048 000064
000049 000072
000050 000074
000051 000078
000052 000083
000053 000086
000054 000094
000055 000099
000056 000091
000057 000097
000058 000083
000059 000099
000060 000087
000061 000090
000062 000083
000063 000092
000064 000102
000065 000069
000066 000074
000067 000091
000068 000090
000069 000087
000070 000086
000071 000083
000072 000062
000073 000067
000074 000074
000075 000071
000076 000070
000077 000055
000078 000059
000079 000061
000080 000058
000081 000055
000082 000045
000083 000054
000084 000050
000085 000050
000086 000044
000087 000048
000088 000055
000089 000054
000090 000044
000091 000045
000092 000031
000093 000038
000094 000033
000095 000035
000096 000029
000097 000032
000098 000043
000099 000031
# Total: 000999049
# Min Latencies: 00007
# Avg Latencies: 00009
# Max Latencies: 02848
# Histogram Overflows: 00951
# Histogram Overflow at cycle number:
# Thread 0: 02399 02620 02630 04398 04619 04840 04850 04860 05312 06457 06467 06477 06708 07361 08074 10404 11579 12322 15385 15857 17504 17926 19965 19975 22375 22616 22626 22636 22837 22847 22857 23339 23349 24916 29134 34677 34697 37419 37429 37911 38142 39106 40874 41125 41326 41336 44979 45042 45052 45976 48015 48698 48929 48939 49180 49190 49411 49431 49632 49853 52113 52123 55819 58601 58611 62538 63713 63743 63964 63974 65370 68594 71165 71878 75945 76166 76176 76186 80454 82131 82362 86670 87875 89291 91119 91129 91842 94925 96311 96321 96331 96542 97014 97486 99957 102649 105642 105652 105853 105863 # 00851 others

