# Histogram
000000 000000
000001 000000
000002 000000
000003 000000
000004 000000
000005 000000
000006 000000
000007 000983
000008 003671
000009 237654
000010 194326
000011 356886
000012 062081
000013 028156
000014 022729
000015 017114
000016 012508
000017 017053
000018 010267
000019 005492
000020 005922
000021 005435
000022 003348
000023 002397
000024 002072
000025 001337
000026 000879
000027 000623
000028 000452
000029 000370
000030 000309
000031 000262
000032 000258
000033 000283
000034 000248
000035 000247
000036 000259
000037 000236
000038 000288
000039 000292
000040 000313
000041 000337
000042 000324
000043 000297
000044 000258
000045 000223
000046 000154
000047 000133
000048 000109
000049 000096
000050 000083
000051 000074
000052 000070
000053 000063
000054 000057
000055 000061
000056 000058
000057 000059
000058 000050
000059 000040
000060 000050
000061 000050
000062 000034
000063 000046
000064 000054
000065 000035
000066 000054
000067 000057
000068 000055
000069 000045
000070 000061
000071 000047
000072 000052
000073 000048
000074 000054
000075 000042
000076 000053
000077 000044
000078 000052
000079 000033
000080 000030
000081 000031
000082 000052
000083 000041
000084 000032
000085 000042
000086 000028
000087 000039
000088 000038
000089 000036
000090 000029
000091 000029
000092 000032
000093 000033
000094 000026
000095 000032
000096 000022
000097 000029
000098 000036
000099 000049
# Total: 000998948
# Min Latencies: 00007
# Avg Latencies: 00011
# Max Latencies: 02952
# Histogram Overflows: 01052
# Histogram Overflow at cycle number:
# Thread 0: 01657 02722 03641 04702 05304 05689 08169 10340 11032 11233 11640 12471 13514 13688 15564 15672 19372 19640 21688 22712 23672 24762 24764 25655 27639 30314 30515 33339 33655 34143 34535 34726 34927 35639 37560 37687 38143 38354 39671 39791 39982 41655 43258 43639 44072 44675 45687 46152 47671 48413 51910 51920 52684 53478 53687 54774 57655 58558 59639 61110 61687 63671 65104 65655 65687 66300 66913 67639 69295 69687 70290 70712 71671 72350 73655 75083 75485 78902 80138 81334 81655 83639 84811 85687 86218 87243 87671 88047 88238 88439 89270 89655 91639 91896 92087 92097 92298 93687 95671 99639 # 00952 others

