# Histogram
000000 000000
000001 000000
000002 000000
000003 000000
000004 000000
000005 000000
000006 000000
000007 000121
000008 000931
000009 004183
000010 003655
000011 004382
000012 004051
000013 009431
000014 010573
000015 008678
000016 011821
000017 011094
000018 006099
000019 004395
000020 004171
000021 002818
000022 001828
000023 001541
000024 001053
000025 000657
000026 000597
000027 000419
000028 003167
000029 098442
000030 079749
000031 078645
000032 036050
000033 040975
000034 114705
000035 160691
000036 055665
000037 040660
000038 024807
000039 013809
000040 013899
000041 012229
000042 008255
000043 007170
000044 006115
000045 004863
000046 004628
000047 003927
000048 003479
000049 003010
000050 003200
000051 002605
000052 002261
000053 001971
000054 001839
000055 001885
000056 002012
000057 002142
000058 002512
000059 002692
000060 002713
000061 002997
000062 003063
000063 003089
000064 003000
000065 002617
000066 002274
000067 001854
000068 001516
000069 001176
000070 000823
000071 000660
000072 000534
000073 000455
000074 000489
000075 000784
000076 000958
000077 001026
000078 000964
000079 000889
000080 000730
000081 000540
000082 000469
000083 000384
000084 000371
000085 000351
000086 000350
000087 000305
000088 000311
000089 000245
000090 000180
000091 000186
000092 000140
000093 000123
000094 000113
000095 000094
000096 000075
000097 000076
000098 000062
000099 000045
# Total: 000967588
# Min Latencies: 00007
# Avg Latencies: 00036
# Max Latencies: 01164
# Histogram Overflows: 32412
# Histogram Overflow at cycle number:
# Thread 0: 00002 00003 00004 00005 00006 00008 00555 02330 02350 02923 03888 04590 04591 04631 04646 04647 04648 04649 04653 04654 04655 04656 04657 04658 04659 04660 04661 04665 04666 04667 04668 04669 04670 04671 04676 04677 04678 04679 04680 04681 04682 04684 04685 04686 04687 04688 04689 04690 04691 04692 04695 04696 04697 04698 04699 04700 04701 04702 04705 04706 04707 04708 04709 04710 04711 04712 07919 10673 10696 10697 10698 10699 10700 10701 10702 10703 10705 10706 10707 10708 10709 10710 10711 10712 10713 10715 10717 10718 10719 10720 10721 10722 10723 10725 10726 10727 10728 10729 10730 10731 # 32312 others

