# Histogram
000000 000000
000001 000000
000002 000000
000003 000000
000004 000000
000005 000000
000006 000000
000007 000000
000008 000000
000009 000001
000010 000002
000011 000002
000012 000001
000013 000001
000014 000000
000015 000005
000016 000011
000017 000048
000018 000134
000019 000320
000020 001558
000021 004928
000022 010624
000023 012391
000024 003026
000025 000651
000026 000213
000027 000111
000028 000077
000029 000070
000030 000074
000031 000054
000032 000069
000033 000049
000034 000058
000035 000068
000036 000099
000037 000107
000038 000068
000039 000062
000040 000081
000041 000074
000042 000074
000043 000062
000044 000071
000045 000061
000046 000098
000047 000075
000048 000077
000049 000089
000050 000098
000051 000100
000052 000125
000053 000105
000054 000117
000055 000100
000056 000465
000057 002016
000058 002315
000059 002469
000060 003535
000061 004240
000062 006141
000063 011146
000064 009525
000065 007646
000066 005150
000067 003814
000068 003251
000069 002615
000070 002083
000071 001656
000072 001365
000073 001401
000074 001000
000075 000786
000076 000738
000077 000722
000078 000675
000079 000652
000080 000642
000081 000654
000082 000615
000083 000611
000084 000533
000085 000497
000086 000450
000087 000372
000088 000378
000089 000352
000090 000407
000091 000394
000092 000357
000093 000326
000094 000311
000095 000276
000096 000297
000097 000428
000098 000505
000099 000580
# Total: 000120680
# Min Latencies: 00009
# Avg Latencies: 00113
# Max Latencies: 00201
# Histogram Overflows: 879320
# Histogram Overflow at cycle number:
# Thread 0: 00000 00001 00002 00003 00004 00005 00006 00008 00010 00011 00012 00013 00015 00020 00030 00032 00035 00039 00040 00044 00050 00052 00060 00064 00072 00084 00088 00092 00096 00108 00139 00141 00151 00161 00164 00165 00168 00169 00182 00212 00216 00220 00244 00252 00257 00262 00265 00272 00281 00289 00293 00294 00306 00338 00353 00354 00358 00359 00370 00373 00382 00383 00393 00394 00403 00404 00427 00434 00454 00474 00484 00493 00494 00499 00500 00504 00505 00513 00549 00552 00585 00595 00605 00612 00615 00624 00625 00635 00656 00660 00666 00669 00697 00698 00699 00705 00708 00709 00716 00726 # 879220 others

