# Histogram
000000 000000
000001 000000
000002 000000
000003 000000
000004 000000
000005 000000
000006 000000
000007 000838
000008 002846
000009 007497
000010 004914
000011 005064
000012 005246
000013 005240
000014 009329
000015 010254
000016 005908
000017 008765
000018 010994
000019 006647
000020 001907
000021 001373
000022 003298
000023 002311
000024 000800
000025 000536
000026 000508
000027 000455
000028 000384
000029 000352
000030 000390
000031 000343
000032 018871
000033 445419
000034 180375
000035 125457
000036 034256
000037 017146
000038 014424
000039 006334
000040 006179
000041 004041
000042 002738
000043 002542
000044 001678
000045 001096
000046 000937
000047 000978
000048 000981
000049 000949
000050 000926
000051 000915
000052 000845
000053 000791
000054 001101
000055 001855
000056 002745
000057 003326
000058 003368
000059 002994
000060 002200
000061 001401
000062 000925
000063 000759
000064 000568
000065 000502
000066 000384
000067 000466
000068 000447
000069 000696
000070 001023
000071 000884
000072 000764
000073 000643
000074 000467
000075 000335
000076 000241
000077 000159
000078 000155
000079 000141
000080 000117
000081 000118
000082 000121
000083 000130
000084 000119
000085 000112
000086 000121
000087 000081
000088 000119
000089 000104
000090 000089
000091 000113
000092 000137
000093 000143
000094 000190
000095 000202
000096 000258
000097 000226
000098 000181
000099 000170
# Total: 000995477
# Min Latencies: 00007
# Avg Latencies: 00034
# Max Latencies: 13225
# Histogram Overflows: 04523
# Histogram Overflow at cycle number:
# Thread 0: 00501 00532 01532 02288 02760 02991 03262 03533 04206 04216 04226 04730 04939 05032 05170 05180 05190 05923 05933 06435 06445 07198 07532 08152 08532 08614 08624 08835 09086 09096 09568 09799 09809 10030 10040 10050 10562 10572 10803 10813 11034 11044 11275 11285 11295 11566 12032 12851 13825 13835 14056 14076 14086 14116 14307 14317 14327 15532 15542 15743 15753 16747 16801 16978 16988 17942 17952 17962 17973 18032 18324 18432 18663 18683 18693 18934 19155 19165 19416 19848 20350 20530 20581 20601 20852 21816 21836 21846 22107 22820 22830 23030 23051 23061 23071 23302 23312 23543 23553 23563 # 04423 others

