# Histogram
000000 000000
000001 000000
000002 000000
000003 000000
000004 000000
000005 000000
000006 000000
000007 000367
000008 000484
000009 004044
000010 003859
000011 006106
000012 005360
000013 012456
000014 015234
000015 034488
000016 094756
000017 158884
000018 164560
000019 127322
000020 101959
000021 079177
000022 058457
000023 041638
000024 028026
000025 018411
000026 012368
000027 007915
000028 004960
000029 002946
000030 002006
000031 001340
000032 000940
000033 000909
000034 000687
000035 000606
000036 000562
000037 000456
000038 000414
000039 000361
000040 000340
000041 000318
000042 000331
000043 000333
000044 000335
000045 000341
000046 000343
000047 000354
000048 000347
000049 000336
000050 000298
000051 000285
000052 000279
000053 000207
000054 000184
000055 000170
000056 000130
000057 000108
000058 000116
000059 000102
000060 000095
000061 000072
000062 000058
000063 000075
000064 000058
000065 000051
000066 000041
000067 000041
000068 000050
000069 000042
000070 000045
000071 000044
000072 000043
000073 000036
000074 000044
000075 000036
000076 000026
000077 000037
000078 000030
000079 000030
000080 000035
000081 000037
000082 000034
000083 000039
000084 000036
000085 000038
000086 000038
000087 000028
000088 000039
000089 000032
000090 000029
000091 000022
000092 000021
000093 000028
000094 000024
000095 000023
000096 000023
000097 000032
000098 000020
000099 000022
# Total: 000998869
# Min Latencies: 00007
# Avg Latencies: 00019
# Max Latencies: 02974
# Histogram Overflows: 01131
# Histogram Overflow at cycle number:
# Thread 0: 01903 03613 03887 05871 06220 07034 07617 07919 07999 08361 09903 11887 11929 11939 13871 15306 15708 16884 17648 17902 18613 19447 19887 20914 21871 22301 22884 23919 25903 27839 27887 28030 29608 29618 29871 30211 30985 31919 32613 33015 33903 34010 35887 36030 37799 37871 37980 38573 38583 39357 39558 39919 40784 41903 43887 44774 45871 47769 47919 49903 51287 51297 51689 51887 53871 54001 55619 55919 57267 57903 58383 59887 60835 61871 63614 63919 64262 65903 66081 67887 69186 69870 71919 73903 75887 77871 79900 79919 80643 80854 81849 81903 82663 83819 83881 83886 85870 86352 87919 89679 # 01031 others

