# Histogram
000000 000000
000001 000000
000002 000000
000003 000000
000004 000000
000005 000000
000006 000000
000007 000896
000008 002472
000009 007204
000010 004678
000011 004632
000012 005734
000013 004795
000014 010839
000015 009704
000016 007290
000017 009361
000018 008899
000019 006540
000020 001818
000021 001887
000022 003013
000023 001884
000024 000687
000025 000517
000026 000453
000027 000445
000028 000378
000029 000370
000030 000343
000031 000335
000032 019107
000033 445642
000034 178275
000035 132740
000036 033749
000037 017626
000038 013365
000039 005723
000040 005847
000041 003664
000042 002513
000043 002502
000044 001554
000045 001057
000046 000962
000047 000905
000048 000943
000049 000996
000050 000882
000051 000818
000052 000762
000053 000956
000054 001606
000055 002336
000056 002798
000057 003122
000058 002760
000059 002297
000060 001724
000061 001107
000062 000785
000063 000591
000064 000531
000065 000446
000066 000387
000067 000452
000068 000462
000069 000739
000070 000953
000071 000791
000072 000765
000073 000635
000074 000485
000075 000358
000076 000268
000077 000209
000078 000154
000079 000123
000080 000141
000081 000133
000082 000125
000083 000112
000084 000103
000085 000108
000086 000103
000087 000108
000088 000115
000089 000126
000090 000108
000091 000115
000092 000120
000093 000157
000094 000193
000095 000213
000096 000217
000097 000199
000098 000179
000099 000146
# Total: 000995467
# Min Latencies: 00007
# Avg Latencies: 00033
# Max Latencies: 05821
# Histogram Overflows: 04533
# Histogram Overflow at cycle number:
# Thread 0: 00001 00002 00049 00958 01958 03101 03342 03603 04125 04376 04458 04637 05089 05310 05571 05792 05802 05812 07077 07107 07308 07318 07328 07549 07569 07958 08081 08091 08121 08352 08362 08563 08573 08583 08593 08814 08824 08958 09316 09557 09788 09798 10059 10551 10792 10802 11458 11495 11505 11707 11756 13001 13011 13021 13252 13272 13503 13513 13523 13744 13754 14507 14517 14527 15039 15049 15300 15822 16294 16304 16314 16595 17047 17057 17067 17208 17589 18071 18091 18208 18814 18824 19547 19557 19567 20280 20290 20300 21003 21013 21053 21708 22198 22208 22459 22700 22708 22710 22961 23192 # 04433 others

