# Histogram
000000 000000
000001 000000
000002 000000
000003 000000
000004 000000
000005 000000
000006 000000
000007 024828
000008 152111
000009 018300
000010 007263
000011 009743
000012 014175
000013 004996
000014 005584
000015 005388
000016 005171
000017 004958
000018 003555
000019 002335
000020 001842
000021 001656
000022 001518
000023 001364
000024 001278
000025 001091
000026 001010
000027 000912
000028 000863
000029 000834
000030 000932
000031 000905
000032 025298
000033 396434
000034 090494
000035 079152
000036 018260
000037 010528
000038 006017
000039 004421
000040 004412
000041 003660
000042 003385
000043 002934
000044 002774
000045 002984
000046 003380
000047 003618
000048 003767
000049 003684
000050 003650
000051 003963
000052 004707
000053 005351
000054 005268
000055 004307
000056 002999
000057 001872
000058 001332
000059 001388
000060 001547
000061 001661
000062 001553
000063 001671
000064 001600
000065 001386
000066 001414
000067 001210
000068 000996
000069 000733
000070 000550
000071 000379
000072 000283
000073 000275
000074 000226
000075 000217
000076 000220
000077 000210
000078 000192
000079 000182
000080 000190
000081 000161
000082 000165
000083 000174
000084 000186
000085 000175
000086 000204
000087 000156
000088 000142
000089 000183
000090 000176
000091 000162
000092 000171
000093 000143
000094 000168
000095 000223
000096 000212
000097 000196
000098 000178
000099 000172
# Total: 000992693
# Min Latencies: 00007
# Avg Latencies: 00029
# Max Latencies: 02641
# Histogram Overflows: 07307
# Histogram Overflow at cycle number:
# Thread 0: 00370 01113 01123 01163 02297 02307 02317 02327 02337 02357 02518 02538 02608 02618 03160 03170 03933 04304 04565 04866 04876 04886 05167 05177 05428 05438 06030 06863 07174 07465 07475 07495 08007 08037 08569 08579 09131 09151 09161 09181 09452 09462 09482 09703 09753 10004 10024 10044 10235 10245 10255 10265 10275 10285 10305 10837 10867 11048 11058 11068 11078 11098 11279 11349 12242 12734 12754 12764 12774 12784 12814 12824 13015 13035 13055 13065 13105 13386 14259 14269 14500 15082 15102 15323 15333 15343 15353 15363 15684 16176 16196 16206 16216 16477 16718 16808 17069 17079 17089 17601 # 07207 others

