# Histogram
000000 000000
000001 000000
000002 000000
000003 000000
000004 000000
000005 000000
000006 000000
000007 000000
000008 000047
000009 000016
000010 000040
000011 000005
000012 000008
000013 000006
000014 000062
000015 000289
000016 000981
000017 001278
000018 001362
000019 002005
000020 003886
000021 004331
000022 006750
000023 008246
000024 003512
000025 001332
000026 000484
000027 000219
000028 000178
000029 000184
000030 000158
000031 000171
000032 000142
000033 000148
000034 000159
000035 000098
000036 000130
000037 000116
000038 000095
000039 000111
000040 000109
000041 000107
000042 000097
000043 000069
000044 000109
000045 000120
000046 000290
000047 002978
000048 003495
000049 002528
000050 002095
000051 001332
000052 000966
000053 000869
000054 000744
000055 001009
000056 060145
000057 139777
000058 136625
000059 113390
000060 087286
000061 065389
000062 053754
000063 046081
000064 033046
000065 025747
000066 017116
000067 011973
000068 008819
000069 005516
000070 004026
000071 003226
000072 002662
000073 002411
000074 002462
000075 002443
000076 002471
000077 002094
000078 001745
000079 001466
000080 001420
000081 001326
000082 001271
000083 001168
000084 001046
000085 001116
000086 001076
000087 001094
000088 001040
000089 001076
000090 001001
000091 000918
000092 000851
000093 000793
000094 000790
000095 000672
000096 000666
000097 000674
000098 000629
000099 000699
# Total: 000902462
# Min Latencies: 00008
# Avg Latencies: 00064
# Max Latencies: 00197
# Histogram Overflows: 97538
# Histogram Overflow at cycle number:
# Thread 0: 00173 00175 00176 00177 00188 00189 00190 00191 00192 00193 00196 00197 00252 00262 00272 00290 00291 00294 00295 00296 00303 00304 00306 00307 00308 00311 00314 00315 00343 00348 00363 00373 00383 00390 00393 00466 00474 00484 00485 00494 00497 00498 00505 00506 00509 00510 00517 00518 00525 00526 00540 00575 00591 00656 00676 00692 00698 00737 00747 00749 00757 00769 00777 00793 00799 00800 00801 00803 00804 00805 00809 00838 00849 00857 00858 00979 00989 00994 00995 00998 01002 01003 01010 01011 01014 01015 01017 01018 01022 01023 01050 01099 01101 01102 01103 01122 01151 01154 01161 01171 # 97438 others

